6.676340000000000000e+05
6.676350000000000000e+05
6.676370000000000000e+05
6.676380000000000000e+05
6.676390000000000000e+05
6.690740000000000000e+05
6.694060000000000000e+05
6.694150000000000000e+05
6.694180000000000000e+05
6.697860000000000000e+05
6.700780000000000000e+05
6.701450000000000000e+05
6.701460000000000000e+05
6.701480000000000000e+05
6.714770000000000000e+05
6.714800000000000000e+05
6.722050000000000000e+05
6.722100000000000000e+05
6.722110000000000000e+05
6.754630000000000000e+05
6.755510000000000000e+05
6.755540000000000000e+05
6.755680000000000000e+05
6.755700000000000000e+05
6.768040000000000000e+05
6.768080000000000000e+05
6.770150000000000000e+05
6.793620000000000000e+05
6.796670000000000000e+05
6.796690000000000000e+05
6.796700000000000000e+05
6.796750000000000000e+05
6.796790000000000000e+05
6.799770000000000000e+05
6.799830000000000000e+05
6.803140000000000000e+05
6.803270000000000000e+05
6.809080000000000000e+05
6.809590000000000000e+05
6.820310000000000000e+05
6.822450000000000000e+05
6.822580000000000000e+05
6.822590000000000000e+05
6.830870000000000000e+05
6.830970000000000000e+05
6.830980000000000000e+05
6.831410000000000000e+05
6.833960000000000000e+05
6.848810000000000000e+05
6.848830000000000000e+05
6.848860000000000000e+05
6.854500000000000000e+05
6.855670000000000000e+05
6.856430000000000000e+05
6.856470000000000000e+05
6.856580000000000000e+05
6.860810000000000000e+05
6.860930000000000000e+05
6.860950000000000000e+05
6.871630000000000000e+05
6.882530000000000000e+05
6.882650000000000000e+05
6.922820000000000000e+05
6.922880000000000000e+05
6.922910000000000000e+05
6.922930000000000000e+05
6.925210000000000000e+05
6.925230000000000000e+05
6.925280000000000000e+05
6.925310000000000000e+05
6.925330000000000000e+05
6.942950000000000000e+05
6.955500000000000000e+05
6.955510000000000000e+05
6.955530000000000000e+05
6.955610000000000000e+05
6.961330000000000000e+05
6.962200000000000000e+05
6.962210000000000000e+05
6.964930000000000000e+05
6.964960000000000000e+05
6.968710000000000000e+05
6.968790000000000000e+05
6.971010000000000000e+05
6.989750000000000000e+05
6.989790000000000000e+05
6.996250000000000000e+05
7.005230000000000000e+05
7.014800000000000000e+05
7.035750000000000000e+05
7.046330000000000000e+05
7.047500000000000000e+05
7.047600000000000000e+05
7.047610000000000000e+05
7.047660000000000000e+05
7.047680000000000000e+05
7.050630000000000000e+05
7.054020000000000000e+05
7.054050000000000000e+05
7.054060000000000000e+05
7.054080000000000000e+05
7.054130000000000000e+05
7.054140000000000000e+05
7.058230000000000000e+05
7.058260000000000000e+05
7.058290000000000000e+05
7.058300000000000000e+05
7.058310000000000000e+05
7.059030000000000000e+05
7.062910000000000000e+05
7.068460000000000000e+05
7.068480000000000000e+05
7.068540000000000000e+05
7.072430000000000000e+05
7.078100000000000000e+05
7.078310000000000000e+05
7.080890000000000000e+05
7.080930000000000000e+05
7.080950000000000000e+05
7.080960000000000000e+05
7.082490000000000000e+05
7.082520000000000000e+05
7.086710000000000000e+05
7.087780000000000000e+05
7.087800000000000000e+05
7.087810000000000000e+05
7.087840000000000000e+05
7.105940000000000000e+05
7.105950000000000000e+05
7.107430000000000000e+05
7.107440000000000000e+05
7.107470000000000000e+05
7.107520000000000000e+05
7.107660000000000000e+05
7.107670000000000000e+05
7.107740000000000000e+05
7.109110000000000000e+05
7.116090000000000000e+05
7.116140000000000000e+05
7.116210000000000000e+05
7.116240000000000000e+05
7.117210000000000000e+05
7.117220000000000000e+05
7.117240000000000000e+05
7.120670000000000000e+05
7.120720000000000000e+05
7.120850000000000000e+05
7.120880000000000000e+05
7.120940000000000000e+05
7.120970000000000000e+05
7.121520000000000000e+05
7.121570000000000000e+05
7.121580000000000000e+05
7.121670000000000000e+05
7.121690000000000000e+05
7.121730000000000000e+05
7.123860000000000000e+05
7.123870000000000000e+05
7.123890000000000000e+05
7.123910000000000000e+05
7.126730000000000000e+05
7.126740000000000000e+05
7.126770000000000000e+05
7.126840000000000000e+05
7.126860000000000000e+05
7.126940000000000000e+05
7.126960000000000000e+05
7.126980000000000000e+05
7.126990000000000000e+05
7.127000000000000000e+05
7.127010000000000000e+05
7.133300000000000000e+05
7.133310000000000000e+05
7.133320000000000000e+05
7.133330000000000000e+05
7.133350000000000000e+05
7.133370000000000000e+05
7.139140000000000000e+05
7.139150000000000000e+05
7.143570000000000000e+05
7.143590000000000000e+05
7.147590000000000000e+05
7.148510000000000000e+05
7.155770000000000000e+05
7.155830000000000000e+05
7.157120000000000000e+05
7.157140000000000000e+05
7.157200000000000000e+05
7.157210000000000000e+05
7.157260000000000000e+05
7.157310000000000000e+05
7.163460000000000000e+05
7.182140000000000000e+05
7.183320000000000000e+05
7.183370000000000000e+05
7.186610000000000000e+05
7.186640000000000000e+05
7.191800000000000000e+05
7.191840000000000000e+05
7.191850000000000000e+05
7.191860000000000000e+05
7.204990000000000000e+05
7.210030000000000000e+05
7.210050000000000000e+05
7.210070000000000000e+05
7.211570000000000000e+05
7.212610000000000000e+05
7.212660000000000000e+05
7.218800000000000000e+05
7.218860000000000000e+05
7.218900000000000000e+05
7.219610000000000000e+05
7.219620000000000000e+05
7.219640000000000000e+05
7.219650000000000000e+05
7.221160000000000000e+05
7.221170000000000000e+05
7.225850000000000000e+05
7.225890000000000000e+05
7.249770000000000000e+05
7.256600000000000000e+05
7.256610000000000000e+05
7.259810000000000000e+05
7.259890000000000000e+05
7.259940000000000000e+05
7.260060000000000000e+05
7.260070000000000000e+05
7.260120000000000000e+05
7.260130000000000000e+05
7.260140000000000000e+05
7.262450000000000000e+05
7.262500000000000000e+05
7.262560000000000000e+05
7.262910000000000000e+05
7.271390000000000000e+05
7.274320000000000000e+05
7.274340000000000000e+05
7.274360000000000000e+05
7.274480000000000000e+05
7.284310000000000000e+05
7.284360000000000000e+05
7.297940000000000000e+05
7.297950000000000000e+05
7.297980000000000000e+05
7.297990000000000000e+05
7.298010000000000000e+05
7.298020000000000000e+05
7.298050000000000000e+05
7.298060000000000000e+05
7.300290000000000000e+05
7.302000000000000000e+05
7.309410000000000000e+05
7.309420000000000000e+05
7.309460000000000000e+05
7.315480000000000000e+05
7.353040000000000000e+05
7.354270000000000000e+05
7.354290000000000000e+05
7.354420000000000000e+05
7.361290000000000000e+05
7.361320000000000000e+05
7.361350000000000000e+05
7.368060000000000000e+05
7.368070000000000000e+05
7.368080000000000000e+05
1.001029511000000000e+09
1.001072207000000000e+09
1.001073098000000000e+09
1.001074385000000000e+09
1.004072789000000000e+09
1.004309750000000000e+09
1.004313683000000000e+09
1.004313791000000000e+09
1.004313971000000000e+09
1.004330927000000000e+09
1.004364200000000000e+09
1.004414987000000000e+09
1.005125492000000000e+09
1.005167729000000000e+09
1.005440312000000000e+09
1.005537971000000000e+09
1.005605480000000000e+09
1.005644504000000000e+09
1.005644513000000000e+09
1.005644540000000000e+09
1.005793274000000000e+09
1.005793967000000000e+09
1.005794066000000000e+09
1.005796208000000000e+09
1.005796838000000000e+09
1.006067342000000000e+09
1.006067423000000000e+09
1.006205447000000000e+09
1.006235471000000000e+09
1.006236128000000000e+09
1.006464989000000000e+09
1.006504715000000000e+09
1.006505903000000000e+09
1.006512455000000000e+09
1.006512581000000000e+09
1.006516064000000000e+09
1.006516199000000000e+09
1.006516766000000000e+09
1.006517018000000000e+09
1.006517099000000000e+09
1.008488414000000000e+09
1.008489872000000000e+09
1.008492563000000000e+09
1.008736526000000000e+09
1.008791975000000000e+09
1.008950591000000000e+09
1.009098398000000000e+09
1.009485317000000000e+09
1.010012609000000000e+09
1.010014211000000000e+09
1.010054666000000000e+09
1.010054936000000000e+09
1.010054972000000000e+09
1.010055188000000000e+09
1.010160101000000000e+09
1.010443304000000000e+09
1.010443970000000000e+09
1.010446229000000000e+09
1.010446841000000000e+09
1.010709389000000000e+09
1.010709524000000000e+09
1.010712872000000000e+09
1.010753795000000000e+09
1.010759177000000000e+09
1.010759348000000000e+09
1.010967122000000000e+09
1.010969147000000000e+09
1.011303236000000000e+09
1.011303245000000000e+09
1.011532862000000000e+09
1.011533348000000000e+09
1.011535067000000000e+09
1.011778418000000000e+09
1.011779849000000000e+09
1.011782216000000000e+09
1.011783719000000000e+09
1.011785186000000000e+09
1.011785870000000000e+09
1.011790037000000000e+09
1.011790073000000000e+09
1.011875222000000000e+09
1.011875411000000000e+09
1.011904310000000000e+09
1.011905129000000000e+09
1.011905147000000000e+09
1.011905201000000000e+09
1.011908351000000000e+09
1.012167704000000000e+09
1.012168667000000000e+09
1.012169432000000000e+09
1.012245473000000000e+09
1.012248812000000000e+09
1.012249442000000000e+09
1.012253402000000000e+09
1.012253456000000000e+09
1.012255148000000000e+09
1.012259018000000000e+09
1.012661111000000000e+09
1.012929779000000000e+09
1.012997747000000000e+09
1.013000429000000000e+09
1.013605661000000000e+09
1.013615291000000000e+09
1.013622113000000000e+09
1.014831263000000000e+09
1.014833585000000000e+09
1.014833729000000000e+09
1.014834395000000000e+09
1.014893219000000000e+09
1.014897404000000000e+09
1.014897629000000000e+09
1.014900725000000000e+09
1.014903866000000000e+09
1.015896872000000000e+09
1.015898447000000000e+09
1.015898681000000000e+09
1.015899671000000000e+09
1.015900103000000000e+09
1.016164001000000000e+09
1.016172893000000000e+09
1.016633477000000000e+09
1.016736320000000000e+09
1.016816519000000000e+09
1.016816681000000000e+09
1.016817383000000000e+09
1.016818616000000000e+09
1.016822261000000000e+09
1.016822927000000000e+09
1.016858657000000000e+09
1.016859026000000000e+09
1.017116408000000000e+09
1.017954479000000000e+09
1.017962588000000000e+09
1.017963101000000000e+09
1.018059851000000000e+09
1.018060193000000000e+09
1.018061309000000000e+09
1.018062398000000000e+09
1.018062452000000000e+09
1.018064036000000000e+09
1.018064558000000000e+09
1.018064630000000000e+09
1.018317620000000000e+09
1.018320491000000000e+09
1.018320653000000000e+09
1.018321211000000000e+09
1.018358363000000000e+09
1.018358444000000000e+09
1.018359047000000000e+09
1.018359128000000000e+09
1.018439516000000000e+09
1.018493318000000000e+09
1.018494101000000000e+09
1.018602128000000000e+09
1.018790867000000000e+09
1.022265524000000000e+09
1.022265614000000000e+09
1.022265767000000000e+09
1.022265830000000000e+09
1.022265992000000000e+09
1.022266073000000000e+09
1.022305403000000000e+09
1.022305421000000000e+09
1.022543849000000000e+09
1.022547971000000000e+09
1.022630105000000000e+09
1.022850929000000000e+09
1.022851235000000000e+09
1.022852513000000000e+09
1.022852702000000000e+09
1.022852972000000000e+09
1.022890871000000000e+09
1.023060260000000000e+09
1.023201515000000000e+09
1.023217238000000000e+09
1.023223304000000000e+09
1.023229532000000000e+09
1.023230270000000000e+09
1.023230288000000000e+09
1.023230513000000000e+09
1.023230576000000000e+09
1.023261608000000000e+09
1.023262346000000000e+09
1.023262562000000000e+09
1.023263120000000000e+09
1.023263372000000000e+09
1.023263408000000000e+09
1.023263435000000000e+09
1.023263444000000000e+09
1.023263471000000000e+09
1.023372578000000000e+09
1.023372695000000000e+09
1.023372875000000000e+09
1.023373442000000000e+09
1.023376151000000000e+09
1.023376700000000000e+09
1.023391271000000000e+09
1.023436028000000000e+09
1.023436361000000000e+09
1.023436451000000000e+09
1.023469544000000000e+09
1.023469823000000000e+09
1.023470192000000000e+09
1.023470237000000000e+09
1.023489596000000000e+09
1.023507614000000000e+09
1.023507695000000000e+09
1.023527621000000000e+09
1.023528620000000000e+09
1.023788963000000000e+09
1.025442560000000000e+09
1.025443604000000000e+09
1.025935400000000000e+09
1.025936732000000000e+09
1.025937110000000000e+09
1.025939621000000000e+09
1.026177356000000000e+09
1.026307217000000000e+09
1.026307487000000000e+09
1.026318386000000000e+09
1.026319007000000000e+09
1.026328115000000000e+09
1.026328547000000000e+09
1.026335279000000000e+09
1.026340427000000000e+09
1.026345206000000000e+09
1.026352217000000000e+09
1.026550100000000000e+09
1.026588314000000000e+09
1.026588449000000000e+09
1.026588962000000000e+09
1.026589025000000000e+09
1.026589907000000000e+09
1.026633215000000000e+09
1.026633503000000000e+09
1.026633602000000000e+09
1.026633863000000000e+09
1.026634088000000000e+09
1.026634259000000000e+09
1.026634646000000000e+09
1.026634889000000000e+09
1.026635060000000000e+09
1.026635240000000000e+09
1.026635276000000000e+09
1.026635546000000000e+09
1.026635555000000000e+09
1.026637670000000000e+09
1.026637850000000000e+09
1.026638021000000000e+09
1.026638138000000000e+09
1.026638246000000000e+09
1.026638300000000000e+09
1.026638309000000000e+09
1.026638480000000000e+09
1.026638561000000000e+09
1.026639659000000000e+09
1.026639713000000000e+09
1.026640037000000000e+09
1.026640073000000000e+09
1.026640217000000000e+09
1.026640235000000000e+09
1.026640244000000000e+09
1.026640280000000000e+09
1.026640784000000000e+09
1.026641297000000000e+09
1.026641315000000000e+09
1.026641504000000000e+09
1.026642935000000000e+09
1.026644069000000000e+09
1.026644168000000000e+09
1.026644240000000000e+09
1.026644645000000000e+09
1.026644717000000000e+09
1.026645482000000000e+09
1.026645752000000000e+09
1.026645779000000000e+09
1.026645788000000000e+09
1.026645941000000000e+09
1.026646067000000000e+09
1.026647282000000000e+09
1.026647291000000000e+09
1.026647300000000000e+09
1.026647309000000000e+09
1.026647759000000000e+09
1.026647984000000000e+09
1.026648020000000000e+09
1.026648173000000000e+09
1.026648272000000000e+09
1.026648299000000000e+09
1.026648344000000000e+09
1.026648407000000000e+09
1.026648461000000000e+09
1.026649046000000000e+09
1.026649352000000000e+09
1.026649397000000000e+09
1.026650198000000000e+09
1.026650432000000000e+09
1.026650594000000000e+09
1.026650927000000000e+09
1.026651845000000000e+09
1.026651989000000000e+09
1.026652169000000000e+09
1.026652214000000000e+09
1.026652223000000000e+09
1.026652421000000000e+09
1.026652826000000000e+09
1.026652907000000000e+09
1.026653006000000000e+09
1.026653078000000000e+09
1.026653159000000000e+09
1.026653906000000000e+09
1.026654086000000000e+09
1.026654347000000000e+09
1.026655922000000000e+09
1.026656561000000000e+09
1.026656588000000000e+09
1.026656795000000000e+09
1.026657443000000000e+09
1.026658523000000000e+09
1.026658856000000000e+09
1.026659045000000000e+09
1.026659351000000000e+09
1.026659450000000000e+09
1.026659639000000000e+09
1.026660125000000000e+09
1.026660602000000000e+09
1.026660638000000000e+09
1.026661709000000000e+09
1.026662996000000000e+09
1.026663392000000000e+09
1.026663887000000000e+09
1.026664013000000000e+09
1.026664229000000000e+09
1.026664247000000000e+09
1.026664310000000000e+09
1.026664922000000000e+09
1.026665075000000000e+09
1.026665228000000000e+09
1.026665777000000000e+09
1.026665795000000000e+09
1.026666200000000000e+09
1.026666695000000000e+09
1.026666776000000000e+09
1.026667946000000000e+09
1.026668054000000000e+09
1.026668072000000000e+09
1.026668486000000000e+09
1.026668495000000000e+09
1.026669044000000000e+09
1.026669098000000000e+09
1.026669260000000000e+09
1.026669962000000000e+09
1.026669980000000000e+09
1.026670043000000000e+09
1.026670133000000000e+09
1.026670394000000000e+09
1.026670556000000000e+09
1.026670592000000000e+09
1.026672482000000000e+09
1.026672734000000000e+09
1.026673904000000000e+09
1.026673913000000000e+09
1.026674444000000000e+09
1.026674462000000000e+09
1.026675110000000000e+09
1.026676874000000000e+09
1.026677594000000000e+09
1.026677639000000000e+09
1.026679385000000000e+09
1.026679556000000000e+09
1.026680978000000000e+09
1.026681968000000000e+09
1.026682013000000000e+09
1.026682103000000000e+09
1.026682904000000000e+09
1.026683876000000000e+09
1.026685118000000000e+09
1.026685703000000000e+09
1.026686054000000000e+09
1.026686864000000000e+09
1.026686981000000000e+09
1.026687764000000000e+09
1.026688043000000000e+09
1.026688187000000000e+09
1.026688385000000000e+09
1.026688610000000000e+09
1.026689942000000000e+09
1.026690095000000000e+09
1.026690455000000000e+09
1.026690743000000000e+09
1.026690905000000000e+09
1.026691157000000000e+09
1.026691535000000000e+09
1.026691823000000000e+09
1.026691958000000000e+09
1.026692300000000000e+09
1.026692732000000000e+09
1.026692894000000000e+09
1.026693164000000000e+09
1.026693668000000000e+09
1.026694721000000000e+09
1.026695603000000000e+09
1.026697070000000000e+09
1.026697124000000000e+09
1.026697304000000000e+09
1.026697367000000000e+09
1.026697502000000000e+09
1.026698240000000000e+09
1.026699473000000000e+09
1.026700166000000000e+09
1.026701273000000000e+09
1.026701399000000000e+09
1.026701858000000000e+09
1.026701966000000000e+09
1.026701993000000000e+09
1.026702065000000000e+09
1.026702083000000000e+09
1.026702128000000000e+09
1.026702290000000000e+09
1.026702551000000000e+09
1.026702659000000000e+09
1.026702677000000000e+09
1.026702983000000000e+09
1.026703055000000000e+09
1.026703127000000000e+09
1.026703253000000000e+09
1.026703415000000000e+09
1.026703865000000000e+09
1.026703883000000000e+09
1.026704270000000000e+09
1.026704531000000000e+09
1.026704756000000000e+09
1.026704783000000000e+09
1.026705395000000000e+09
1.026706268000000000e+09
1.026706511000000000e+09
1.026706628000000000e+09
1.026706790000000000e+09
1.026707618000000000e+09
1.026707654000000000e+09
1.026708113000000000e+09
1.026708221000000000e+09
1.026708248000000000e+09
1.026708356000000000e+09
1.026708401000000000e+09
1.026708428000000000e+09
1.026708770000000000e+09
1.026709040000000000e+09
1.026709139000000000e+09
1.026709589000000000e+09
1.026709679000000000e+09
1.026709697000000000e+09
1.026710687000000000e+09
1.026710705000000000e+09
1.026710714000000000e+09
1.026710750000000000e+09
1.026710777000000000e+09
1.026710795000000000e+09
1.026711011000000000e+09
1.026711389000000000e+09
1.026711479000000000e+09
1.026711623000000000e+09
1.026711974000000000e+09
1.026712046000000000e+09
1.026712091000000000e+09
1.026712316000000000e+09
1.026712685000000000e+09
1.026713405000000000e+09
1.026714773000000000e+09
1.026715475000000000e+09
1.026715691000000000e+09
1.026716060000000000e+09
1.026716231000000000e+09
1.026716348000000000e+09
1.026716510000000000e+09
1.026716528000000000e+09
1.026716537000000000e+09
1.026717104000000000e+09
1.026717554000000000e+09
1.026718409000000000e+09
1.026718769000000000e+09
1.026719336000000000e+09
1.026720299000000000e+09
1.026720344000000000e+09
1.026720353000000000e+09
1.026720551000000000e+09
1.026720677000000000e+09
1.026720839000000000e+09
1.026720848000000000e+09
1.026720866000000000e+09
1.026721280000000000e+09
1.026721352000000000e+09
1.026722648000000000e+09
1.026723503000000000e+09
1.026723764000000000e+09
1.026723845000000000e+09
1.026725033000000000e+09
1.026725204000000000e+09
1.026725303000000000e+09
1.026725744000000000e+09
1.026726329000000000e+09
1.026726356000000000e+09
1.026727013000000000e+09
1.026730703000000000e+09
1.026731243000000000e+09
1.026731774000000000e+09
1.026731810000000000e+09
1.026731882000000000e+09
1.026732080000000000e+09
1.026732197000000000e+09
1.026732575000000000e+09
1.026732584000000000e+09
1.026732602000000000e+09
1.026732710000000000e+09
1.026732719000000000e+09
1.026732728000000000e+09
1.026732908000000000e+09
1.026734375000000000e+09
1.026734420000000000e+09
1.026734537000000000e+09
1.026734582000000000e+09
1.026735005000000000e+09
1.026735365000000000e+09
1.026736247000000000e+09
1.026736481000000000e+09
1.026736580000000000e+09
1.026736688000000000e+09
1.026736733000000000e+09
1.026736895000000000e+09
1.026737480000000000e+09
1.026737813000000000e+09
1.026737822000000000e+09
1.026738353000000000e+09
1.026738569000000000e+09
1.026738704000000000e+09
1.026739019000000000e+09
1.026739163000000000e+09
1.026739757000000000e+09
1.026740297000000000e+09
1.026740432000000000e+09
1.026740846000000000e+09
1.026741125000000000e+09
1.026741809000000000e+09
1.026742799000000000e+09
1.026742943000000000e+09
1.026742988000000000e+09
1.026743177000000000e+09
1.026743321000000000e+09
1.026743357000000000e+09
1.026743501000000000e+09
1.026743933000000000e+09
1.026744068000000000e+09
1.026744320000000000e+09
1.026744923000000000e+09
1.026745121000000000e+09
1.026745175000000000e+09
1.026745193000000000e+09
1.026745274000000000e+09
1.026745292000000000e+09
1.026745319000000000e+09
1.026745463000000000e+09
1.026745499000000000e+09
1.026747767000000000e+09
1.026747857000000000e+09
1.026747884000000000e+09
1.026748145000000000e+09
1.026748217000000000e+09
1.026748298000000000e+09
1.026749414000000000e+09
1.026749675000000000e+09
1.026749855000000000e+09
1.026750224000000000e+09
1.026750647000000000e+09
1.026750683000000000e+09
1.026750746000000000e+09
1.026750908000000000e+09
1.026751088000000000e+09
1.026751493000000000e+09
1.026751565000000000e+09
1.026751610000000000e+09
1.026751637000000000e+09
1.026751952000000000e+09
1.026752006000000000e+09
1.026752033000000000e+09
1.026752051000000000e+09
1.026752060000000000e+09
1.026752069000000000e+09
1.026752078000000000e+09
1.026752168000000000e+09
1.026752186000000000e+09
1.026752195000000000e+09
1.026752204000000000e+09
1.026752213000000000e+09
1.026752222000000000e+09
1.026752231000000000e+09
1.026752240000000000e+09
1.026752375000000000e+09
1.026752429000000000e+09
1.026752438000000000e+09
1.026752528000000000e+09
1.026752951000000000e+09
1.026753032000000000e+09
1.026753905000000000e+09
1.026754013000000000e+09
1.026754022000000000e+09
1.026754094000000000e+09
1.026754508000000000e+09
1.026754643000000000e+09
1.026754796000000000e+09
1.026754859000000000e+09
1.026754904000000000e+09
1.026755192000000000e+09
1.026755318000000000e+09
1.026755381000000000e+09
1.026755399000000000e+09
1.026755525000000000e+09
1.026755678000000000e+09
1.026755759000000000e+09
1.026755840000000000e+09
1.026756074000000000e+09
1.026756092000000000e+09
1.026756164000000000e+09
1.026756335000000000e+09
1.026756344000000000e+09
1.026756524000000000e+09
1.026756875000000000e+09
1.026757100000000000e+09
1.026757217000000000e+09
1.026757595000000000e+09
1.026757658000000000e+09
1.026757757000000000e+09
1.026757856000000000e+09
1.026757865000000000e+09
1.026757946000000000e+09
1.026758099000000000e+09
1.026758306000000000e+09
1.026758360000000000e+09
1.026758378000000000e+09
1.026758468000000000e+09
1.026758540000000000e+09
1.026758576000000000e+09
1.026758711000000000e+09
1.026758738000000000e+09
1.026758954000000000e+09
1.026758981000000000e+09
1.026759107000000000e+09
1.026760115000000000e+09
1.026760637000000000e+09
1.026761069000000000e+09
1.026761132000000000e+09
1.026762230000000000e+09
1.026762977000000000e+09
1.026763391000000000e+09
1.026763400000000000e+09
1.026763571000000000e+09
1.026763607000000000e+09
1.026763616000000000e+09
1.026763670000000000e+09
1.026763742000000000e+09
1.026763778000000000e+09
1.026764003000000000e+09
1.026764048000000000e+09
1.026764066000000000e+09
1.026764093000000000e+09
1.026764534000000000e+09
1.026764561000000000e+09
1.026764606000000000e+09
1.026764678000000000e+09
1.026764723000000000e+09
1.026764813000000000e+09
1.026764885000000000e+09
1.026765371000000000e+09
1.026765389000000000e+09
1.026765416000000000e+09
1.026765587000000000e+09
1.026765857000000000e+09
1.026765902000000000e+09
1.026765983000000000e+09
1.026766181000000000e+09
1.026766262000000000e+09
1.026766703000000000e+09
1.026767081000000000e+09
1.026767099000000000e+09
1.026767225000000000e+09
1.026767270000000000e+09
1.026767576000000000e+09
1.026768125000000000e+09
1.026768683000000000e+09
1.026768692000000000e+09
1.026768728000000000e+09
1.026768764000000000e+09
1.026769214000000000e+09
1.026769412000000000e+09
1.026769511000000000e+09
1.026769547000000000e+09
1.026769727000000000e+09
1.026770177000000000e+09
1.026770681000000000e+09
1.026771167000000000e+09
1.026771293000000000e+09
1.026771401000000000e+09
1.026771644000000000e+09
1.026772526000000000e+09
1.026772814000000000e+09
1.026772904000000000e+09
1.026772985000000000e+09
1.026772994000000000e+09
1.026773174000000000e+09
1.026773300000000000e+09
1.026774002000000000e+09
1.026774047000000000e+09
1.026774137000000000e+09
1.026774254000000000e+09
1.026774713000000000e+09
1.026775352000000000e+09
1.026775523000000000e+09
1.026775532000000000e+09
1.026775685000000000e+09
1.026775739000000000e+09
1.026775775000000000e+09
1.026776603000000000e+09
1.026776720000000000e+09
1.026777701000000000e+09
1.026777710000000000e+09
1.026777746000000000e+09
1.026777755000000000e+09
1.026777800000000000e+09
1.026777908000000000e+09
1.026778052000000000e+09
1.026778133000000000e+09
1.026778160000000000e+09
1.026778214000000000e+09
1.026778331000000000e+09
1.026778889000000000e+09
1.026779096000000000e+09
1.026779123000000000e+09
1.026779249000000000e+09
1.026779258000000000e+09
1.026779276000000000e+09
1.026779384000000000e+09
1.026779411000000000e+09
1.026779438000000000e+09
1.026779492000000000e+09
1.026779537000000000e+09
1.026779546000000000e+09
1.026779780000000000e+09
1.026779906000000000e+09
1.026780095000000000e+09
1.026780104000000000e+09
1.026780131000000000e+09
1.026780275000000000e+09
1.026780356000000000e+09
1.026780428000000000e+09
1.026780464000000000e+09
1.026780788000000000e+09
1.026780833000000000e+09
1.026781031000000000e+09
1.026781931000000000e+09
1.026782057000000000e+09
1.026782156000000000e+09
1.026782219000000000e+09
1.026782453000000000e+09
1.026782480000000000e+09
1.026782579000000000e+09
1.026782984000000000e+09
1.026783632000000000e+09
1.026783686000000000e+09
1.026783974000000000e+09
1.026784037000000000e+09
1.026784235000000000e+09
1.026784460000000000e+09
1.026784568000000000e+09
1.026784604000000000e+09
1.026784667000000000e+09
1.026784766000000000e+09
1.026784874000000000e+09
1.026784946000000000e+09
1.026785009000000000e+09
1.026785450000000000e+09
1.026786116000000000e+09
1.026786242000000000e+09
1.026786395000000000e+09
1.026786512000000000e+09
1.026786746000000000e+09
1.026786800000000000e+09
1.026786809000000000e+09
1.026786872000000000e+09
1.026787277000000000e+09
1.026787583000000000e+09
1.026788258000000000e+09
1.026788420000000000e+09
1.026788744000000000e+09
1.026788816000000000e+09
1.026789203000000000e+09
1.026789932000000000e+09
1.026789941000000000e+09
1.026790022000000000e+09
1.026790184000000000e+09
1.026790598000000000e+09
1.026790607000000000e+09
1.026791246000000000e+09
1.026791939000000000e+09
1.026792236000000000e+09
1.026792551000000000e+09
1.026792677000000000e+09
1.026792875000000000e+09
1.026792992000000000e+09
1.026793127000000000e+09
1.026793145000000000e+09
1.026793280000000000e+09
1.026793739000000000e+09
1.026793802000000000e+09
1.026794009000000000e+09
1.026794171000000000e+09
1.026794594000000000e+09
1.026794747000000000e+09
1.026794819000000000e+09
1.026795107000000000e+09
1.026795260000000000e+09
1.026795458000000000e+09
1.026795467000000000e+09
1.026795548000000000e+09
1.026795557000000000e+09
1.026795701000000000e+09
1.026797060000000000e+09
1.026797141000000000e+09
1.026797366000000000e+09
1.026797429000000000e+09
1.026797447000000000e+09
1.026797951000000000e+09
1.026798194000000000e+09
1.026798554000000000e+09
1.026798617000000000e+09
1.026798824000000000e+09
1.026798959000000000e+09
1.026799634000000000e+09
1.026799868000000000e+09
1.026800003000000000e+09
1.026800156000000000e+09
1.026800219000000000e+09
1.026800300000000000e+09
1.026800543000000000e+09
1.026800948000000000e+09
1.026801029000000000e+09
1.026801479000000000e+09
1.026802226000000000e+09
1.026802361000000000e+09
1.026802424000000000e+09
1.026802469000000000e+09
1.026802919000000000e+09
1.026802964000000000e+09
1.026803612000000000e+09
1.026803945000000000e+09
1.026804098000000000e+09
1.026804350000000000e+09
1.026804593000000000e+09
1.026804638000000000e+09
1.026804737000000000e+09
1.026804944000000000e+09
1.026805106000000000e+09
1.026805475000000000e+09
1.026806438000000000e+09
1.026806501000000000e+09
1.026807158000000000e+09
1.026807239000000000e+09
1.026807752000000000e+09
1.026808103000000000e+09
1.026808148000000000e+09
1.026808292000000000e+09
1.026808490000000000e+09
1.026808589000000000e+09
1.026809048000000000e+09
1.026809210000000000e+09
1.026809372000000000e+09
1.026809813000000000e+09
1.026809912000000000e+09
1.026809939000000000e+09
1.026810020000000000e+09
1.026811145000000000e+09
1.026811172000000000e+09
1.026811379000000000e+09
1.026811586000000000e+09
1.026811667000000000e+09
1.026811757000000000e+09
1.026812414000000000e+09
1.026812513000000000e+09
1.026812801000000000e+09
1.026813197000000000e+09
1.026813926000000000e+09
1.026814097000000000e+09
1.026814511000000000e+09
1.026814772000000000e+09
1.026814817000000000e+09
1.026814835000000000e+09
1.026815195000000000e+09
1.026815204000000000e+09
1.026816275000000000e+09
1.026816338000000000e+09
1.026816347000000000e+09
1.026816590000000000e+09
1.026817094000000000e+09
1.026817139000000000e+09
1.026817229000000000e+09
1.026817355000000000e+09
1.026818894000000000e+09
1.026818957000000000e+09
1.026819092000000000e+09
1.026819497000000000e+09
1.026819659000000000e+09
1.026819839000000000e+09
1.026819875000000000e+09
1.026819902000000000e+09
1.026820568000000000e+09
1.026820604000000000e+09
1.026820613000000000e+09
1.026820757000000000e+09
1.026820784000000000e+09
1.026820811000000000e+09
1.026820820000000000e+09
1.026820946000000000e+09
1.026821009000000000e+09
1.026821018000000000e+09
1.026821045000000000e+09
1.026821513000000000e+09
1.026821936000000000e+09
1.026821963000000000e+09
1.026822026000000000e+09
1.026822242000000000e+09
1.026822431000000000e+09
1.026822557000000000e+09
1.026822728000000000e+09
1.026822755000000000e+09
1.026822773000000000e+09
1.026822782000000000e+09
1.026822818000000000e+09
1.026822854000000000e+09
1.026822980000000000e+09
1.026823142000000000e+09
1.026824033000000000e+09
1.026824051000000000e+09
1.026824501000000000e+09
1.026824528000000000e+09
1.026824870000000000e+09
1.026824888000000000e+09
1.026825383000000000e+09
1.026825806000000000e+09
1.026825887000000000e+09
1.026826022000000000e+09
1.026826085000000000e+09
1.026826274000000000e+09
1.026826319000000000e+09
1.026826661000000000e+09
1.026826715000000000e+09
1.026826796000000000e+09
1.026827021000000000e+09
1.026827120000000000e+09
1.026827579000000000e+09
1.026827687000000000e+09
1.026828110000000000e+09
1.026828128000000000e+09
1.026828236000000000e+09
1.026828668000000000e+09
1.026829118000000000e+09
1.026829397000000000e+09
1.026829640000000000e+09
1.026829775000000000e+09
1.026830252000000000e+09
1.026830738000000000e+09
1.026830909000000000e+09
1.026830954000000000e+09
1.026831440000000000e+09
1.026831458000000000e+09
1.026831467000000000e+09
1.026832133000000000e+09
1.026832907000000000e+09
1.026832925000000000e+09
1.026833294000000000e+09
1.026833402000000000e+09
1.026833843000000000e+09
1.026834329000000000e+09
1.026834473000000000e+09
1.026834491000000000e+09
1.026834545000000000e+09
1.026835220000000000e+09
1.026835499000000000e+09
1.026835679000000000e+09
1.026835886000000000e+09
1.026836138000000000e+09
1.026836156000000000e+09
1.026836480000000000e+09
1.026836651000000000e+09
1.026837173000000000e+09
1.026837182000000000e+09
1.026837452000000000e+09
1.026837488000000000e+09
1.026837542000000000e+09
1.026838226000000000e+09
1.026838244000000000e+09
1.026838505000000000e+09
1.026838568000000000e+09
1.026838856000000000e+09
1.026839072000000000e+09
1.026839378000000000e+09
1.026839414000000000e+09
1.026839792000000000e+09
1.026840062000000000e+09
1.026840269000000000e+09
1.026840773000000000e+09
1.026840899000000000e+09
1.026841277000000000e+09
1.026841412000000000e+09
1.026841628000000000e+09
1.026841808000000000e+09
1.026841817000000000e+09
1.026841826000000000e+09
1.026841889000000000e+09
1.026841916000000000e+09
1.026841925000000000e+09
1.026841943000000000e+09
1.026841988000000000e+09
1.026842492000000000e+09
1.026842636000000000e+09
1.026843140000000000e+09
1.026843464000000000e+09
1.026843572000000000e+09
1.026844040000000000e+09
1.026844697000000000e+09
1.026844805000000000e+09
1.026845318000000000e+09
1.026845327000000000e+09
1.026845984000000000e+09
1.026846011000000000e+09
1.026846587000000000e+09
1.026846614000000000e+09
1.026846812000000000e+09
1.026846848000000000e+09
1.026847361000000000e+09
1.026847442000000000e+09
1.026847469000000000e+09
1.026847568000000000e+09
1.026847829000000000e+09
1.026848468000000000e+09
1.026849134000000000e+09
1.026849665000000000e+09
1.026849890000000000e+09
1.026849899000000000e+09
1.026850178000000000e+09
1.026850628000000000e+09
1.026850754000000000e+09
1.026852014000000000e+09
1.026852257000000000e+09
1.026852338000000000e+09
1.026852500000000000e+09
1.026852509000000000e+09
1.026852689000000000e+09
1.026852707000000000e+09
1.026853076000000000e+09
1.026853139000000000e+09
1.026853256000000000e+09
1.026853319000000000e+09
1.026853445000000000e+09
1.026854147000000000e+09
1.026854219000000000e+09
1.026854534000000000e+09
1.026854912000000000e+09
1.026854966000000000e+09
1.026855326000000000e+09
1.026856028000000000e+09
1.026856064000000000e+09
1.026856091000000000e+09
1.026856325000000000e+09
1.026856595000000000e+09
1.026857045000000000e+09
1.026857153000000000e+09
1.026857306000000000e+09
1.026857315000000000e+09
1.026857423000000000e+09
1.026857801000000000e+09
1.026857927000000000e+09
1.026858026000000000e+09
1.026858638000000000e+09
1.026858683000000000e+09
1.026859331000000000e+09
1.026859412000000000e+09
1.026860258000000000e+09
1.026860528000000000e+09
1.026861473000000000e+09
1.026861617000000000e+09
1.026861716000000000e+09
1.026861860000000000e+09
1.026862931000000000e+09
1.026863030000000000e+09
1.026863462000000000e+09
1.026863579000000000e+09
1.026863930000000000e+09
1.026863966000000000e+09
1.026864398000000000e+09
1.026864758000000000e+09
1.026864803000000000e+09
1.026865127000000000e+09
1.026865865000000000e+09
1.026866423000000000e+09
1.026866495000000000e+09
1.026866513000000000e+09
1.026866540000000000e+09
1.026866639000000000e+09
1.026866864000000000e+09
1.026867953000000000e+09
1.026869150000000000e+09
1.026869276000000000e+09
1.026869654000000000e+09
1.026869843000000000e+09
1.026869870000000000e+09
1.026870050000000000e+09
1.026870068000000000e+09
1.026870320000000000e+09
1.026870347000000000e+09
1.026870392000000000e+09
1.026870491000000000e+09
1.026870842000000000e+09
1.026871364000000000e+09
1.026871382000000000e+09
1.026871814000000000e+09
1.026872966000000000e+09
1.026873173000000000e+09
1.026873281000000000e+09
1.026873731000000000e+09
1.026874469000000000e+09
1.026875576000000000e+09
1.026875603000000000e+09
1.026877052000000000e+09
1.026877070000000000e+09
1.026877106000000000e+09
1.026877394000000000e+09
1.026877610000000000e+09
1.026877889000000000e+09
1.026878024000000000e+09
1.026878114000000000e+09
1.026878141000000000e+09
1.026879338000000000e+09
1.026879662000000000e+09
1.026879671000000000e+09
1.026880328000000000e+09
1.026880436000000000e+09
1.026880589000000000e+09
1.026880760000000000e+09
1.026880823000000000e+09
1.026880949000000000e+09
1.026881561000000000e+09
1.026881660000000000e+09
1.026881993000000000e+09
1.026882020000000000e+09
1.026882056000000000e+09
1.026882218000000000e+09
1.026882326000000000e+09
1.026882749000000000e+09
1.026882803000000000e+09
1.026882848000000000e+09
1.026882893000000000e+09
1.026882911000000000e+09
1.026883226000000000e+09
1.026883469000000000e+09
1.026883478000000000e+09
1.027709921000000000e+09
1.027710074000000000e+09
1.027710191000000000e+09
1.027710362000000000e+09
1.027710785000000000e+09
1.027711226000000000e+09
1.027711262000000000e+09
1.027711982000000000e+09
1.027712081000000000e+09
1.027712153000000000e+09
1.027713062000000000e+09
1.027713341000000000e+09
1.027714007000000000e+09
1.027714043000000000e+09
1.027714376000000000e+09
1.027714637000000000e+09
1.027714763000000000e+09
1.027714961000000000e+09
1.027715024000000000e+09
1.027715060000000000e+09
1.027715078000000000e+09
1.027715186000000000e+09
1.027715231000000000e+09
1.027715537000000000e+09
1.027715753000000000e+09
1.027716149000000000e+09
1.027716437000000000e+09
1.027716707000000000e+09
1.027716779000000000e+09
1.027716824000000000e+09
1.027716842000000000e+09
1.027716869000000000e+09
1.027717049000000000e+09
1.027717652000000000e+09
1.027717679000000000e+09
1.027717787000000000e+09
1.027717949000000000e+09
1.027717994000000000e+09
1.027718579000000000e+09
1.027718597000000000e+09
1.027719245000000000e+09
1.027719407000000000e+09
1.027719425000000000e+09
1.027719803000000000e+09
1.027720091000000000e+09
1.027721135000000000e+09
1.027721180000000000e+09
1.027721774000000000e+09
1.027721927000000000e+09
1.027721936000000000e+09
1.027722350000000000e+09
1.027722368000000000e+09
1.027722404000000000e+09
1.027722431000000000e+09
1.027722467000000000e+09
1.027722548000000000e+09
1.027722665000000000e+09
1.027722719000000000e+09
1.027722746000000000e+09
1.027722773000000000e+09
1.027722782000000000e+09
1.027723133000000000e+09
1.027723547000000000e+09
1.027724042000000000e+09
1.027724141000000000e+09
1.027724447000000000e+09
1.027724483000000000e+09
1.027724924000000000e+09
1.027725050000000000e+09
1.027725446000000000e+09
1.027725644000000000e+09
1.027725653000000000e+09
1.027726094000000000e+09
1.027726949000000000e+09
1.027727021000000000e+09
1.027728038000000000e+09
1.027728596000000000e+09
1.027728641000000000e+09
1.027728812000000000e+09
1.027728821000000000e+09
1.027728884000000000e+09
1.027729433000000000e+09
1.027729811000000000e+09
1.027729955000000000e+09
1.027730522000000000e+09
1.027730603000000000e+09
1.027730639000000000e+09
1.027731422000000000e+09
1.027731512000000000e+09
1.027732115000000000e+09
1.027732223000000000e+09
1.027732268000000000e+09
1.027732367000000000e+09
1.027732646000000000e+09
1.027732727000000000e+09
1.027732817000000000e+09
1.027733186000000000e+09
1.027733204000000000e+09
1.027733672000000000e+09
1.027733726000000000e+09
1.027733753000000000e+09
1.027734104000000000e+09
1.027734131000000000e+09
1.027734302000000000e+09
1.027734365000000000e+09
1.027734374000000000e+09
1.027734473000000000e+09
1.027734707000000000e+09
1.027735319000000000e+09
1.027735589000000000e+09
1.027735670000000000e+09
1.027736381000000000e+09
1.027736561000000000e+09
1.027736993000000000e+09
1.027737209000000000e+09
1.027737587000000000e+09
1.027737794000000000e+09
1.027737965000000000e+09
1.027738505000000000e+09
1.027739099000000000e+09
1.027739279000000000e+09
1.027739954000000000e+09
1.027739981000000000e+09
1.027740089000000000e+09
1.027740620000000000e+09
1.027740755000000000e+09
1.027741070000000000e+09
1.027741088000000000e+09
1.027741151000000000e+09
1.027741322000000000e+09
1.027741340000000000e+09
1.027741439000000000e+09
1.027741637000000000e+09
1.027741745000000000e+09
1.027741826000000000e+09
1.027742033000000000e+09
1.027742339000000000e+09
1.027742636000000000e+09
1.027742663000000000e+09
1.027742690000000000e+09
1.027742753000000000e+09
1.027742852000000000e+09
1.027742924000000000e+09
1.027742996000000000e+09
1.027743239000000000e+09
1.027743284000000000e+09
1.027743311000000000e+09
1.027743536000000000e+09
1.027743572000000000e+09
1.027743671000000000e+09
1.027744328000000000e+09
1.027744400000000000e+09
1.027744454000000000e+09
1.027744553000000000e+09
1.027744670000000000e+09
1.027744877000000000e+09
1.027745147000000000e+09
1.027745192000000000e+09
1.027745219000000000e+09
1.027745264000000000e+09
1.027745291000000000e+09
1.027745372000000000e+09
1.027745588000000000e+09
1.027745669000000000e+09
1.027745705000000000e+09
1.027745867000000000e+09
1.027745993000000000e+09
1.027746416000000000e+09
1.027747532000000000e+09
1.027748378000000000e+09
1.027748657000000000e+09
1.027748909000000000e+09
1.027748918000000000e+09
1.027749098000000000e+09
1.027749305000000000e+09
1.027749377000000000e+09
1.027749683000000000e+09
1.027750115000000000e+09
1.027750133000000000e+09
1.027750205000000000e+09
1.027751330000000000e+09
1.027751348000000000e+09
1.027752077000000000e+09
1.027752131000000000e+09
1.027752410000000000e+09
1.027752500000000000e+09
1.027752671000000000e+09
1.027752779000000000e+09
1.027753175000000000e+09
1.027753805000000000e+09
1.027754318000000000e+09
1.027754435000000000e+09
1.027754534000000000e+09
1.027754561000000000e+09
1.027754777000000000e+09
1.027755002000000000e+09
1.027755146000000000e+09
1.027755200000000000e+09
1.027755398000000000e+09
1.027755443000000000e+09
1.027755632000000000e+09
1.027755659000000000e+09
1.027755785000000000e+09
1.027756001000000000e+09
1.027756082000000000e+09
1.027756109000000000e+09
1.027756172000000000e+09
1.027756244000000000e+09
1.027756253000000000e+09
1.027756532000000000e+09
1.027756910000000000e+09
1.027757153000000000e+09
1.027758719000000000e+09
1.027759106000000000e+09
1.027759151000000000e+09
1.027759349000000000e+09
1.027759583000000000e+09
1.027759628000000000e+09
1.027759736000000000e+09
1.027759826000000000e+09
1.027760033000000000e+09
1.027760141000000000e+09
1.027760501000000000e+09
1.027760564000000000e+09
1.027760627000000000e+09
1.027760897000000000e+09
1.027760906000000000e+09
1.027761437000000000e+09
1.027761671000000000e+09
1.027761977000000000e+09
1.027761995000000000e+09
1.027762049000000000e+09
1.027762067000000000e+09
1.027762247000000000e+09
1.027762346000000000e+09
1.027762823000000000e+09
1.027763345000000000e+09
1.027764011000000000e+09
1.027764515000000000e+09
1.027764785000000000e+09
1.027764866000000000e+09
1.027764974000000000e+09
1.027765226000000000e+09
1.027765784000000000e+09
1.027767152000000000e+09
1.027767404000000000e+09
1.027767836000000000e+09
1.027767899000000000e+09
1.027768394000000000e+09
1.027768403000000000e+09
1.027768520000000000e+09
1.027768610000000000e+09
1.027768628000000000e+09
1.027769051000000000e+09
1.027769276000000000e+09
1.027769465000000000e+09
1.027770194000000000e+09
1.027770356000000000e+09
1.027770617000000000e+09
1.027771193000000000e+09
1.027772210000000000e+09
1.027772336000000000e+09
1.027772417000000000e+09
1.027773137000000000e+09
1.027773299000000000e+09
1.027773326000000000e+09
1.027773758000000000e+09
1.027774433000000000e+09
1.027774577000000000e+09
1.027775522000000000e+09
1.027775873000000000e+09
1.027775891000000000e+09
1.027776089000000000e+09
1.027776161000000000e+09
1.027777016000000000e+09
1.027777268000000000e+09
1.027777511000000000e+09
1.027777763000000000e+09
1.027778339000000000e+09
1.027778609000000000e+09
1.027778627000000000e+09
1.027778753000000000e+09
1.027779050000000000e+09
1.027779077000000000e+09
1.027779131000000000e+09
1.027779194000000000e+09
1.027779311000000000e+09
1.027779716000000000e+09
1.027779923000000000e+09
1.027779932000000000e+09
1.027780004000000000e+09
1.027780058000000000e+09
1.027780202000000000e+09
1.027780697000000000e+09
1.027780931000000000e+09
1.027781255000000000e+09
1.027781345000000000e+09
1.027781903000000000e+09
1.027782056000000000e+09
1.027782074000000000e+09
1.027782245000000000e+09
1.027782263000000000e+09
1.027782713000000000e+09
1.027782740000000000e+09
1.027782884000000000e+09
1.027783271000000000e+09
1.027783325000000000e+09
1.027783505000000000e+09
1.027783928000000000e+09
1.027784540000000000e+09
1.027784945000000000e+09
1.027784972000000000e+09
1.027785071000000000e+09
1.027785296000000000e+09
1.027785404000000000e+09
1.027785467000000000e+09
1.027785908000000000e+09
1.027786106000000000e+09
1.027786340000000000e+09
1.027786871000000000e+09
1.027787816000000000e+09
1.027788608000000000e+09
1.027788806000000000e+09
1.027789319000000000e+09
1.027789400000000000e+09
1.027790057000000000e+09
1.027790930000000000e+09
1.027791479000000000e+09
1.027791506000000000e+09
1.027791695000000000e+09
1.027792028000000000e+09
1.027792379000000000e+09
1.027793441000000000e+09
1.027814933000000000e+09
1.027816094000000000e+09
1.027816436000000000e+09
1.027827695000000000e+09
1.027827722000000000e+09
1.027827758000000000e+09
1.027828046000000000e+09
1.027828199000000000e+09
1.027828334000000000e+09
1.027836974000000000e+09
1.027855595000000000e+09
1.027856198000000000e+09
1.027858052000000000e+09
1.027859870000000000e+09
1.027860581000000000e+09
1.027861724000000000e+09
1.027866818000000000e+09
1.027867421000000000e+09
1.027872560000000000e+09
1.027875332000000000e+09
1.027877969000000000e+09
1.027878365000000000e+09
1.027878707000000000e+09
1.027880012000000000e+09
1.027880813000000000e+09
1.027886546000000000e+09
1.027889390000000000e+09
1.027893008000000000e+09
1.027894628000000000e+09
1.027897103000000000e+09
1.027899659000000000e+09
1.027903835000000000e+09
1.027908848000000000e+09
1.027911575000000000e+09
1.027913789000000000e+09
1.027915625000000000e+09
1.027917191000000000e+09
1.027917659000000000e+09
1.027917884000000000e+09
1.027919027000000000e+09
1.027920251000000000e+09
1.027927190000000000e+09
1.027937801000000000e+09
1.027938008000000000e+09
1.027938305000000000e+09
1.027938809000000000e+09
1.027938872000000000e+09
1.027939178000000000e+09
1.027939934000000000e+09
1.027940294000000000e+09
1.027940393000000000e+09
1.027940726000000000e+09
1.027940843000000000e+09
1.027940852000000000e+09
1.027941338000000000e+09
1.027941401000000000e+09
1.027941770000000000e+09
1.027941779000000000e+09
1.027941815000000000e+09
1.027941896000000000e+09
1.027942049000000000e+09
1.027942085000000000e+09
1.027942139000000000e+09
1.027942238000000000e+09
1.027942256000000000e+09
1.027942454000000000e+09
1.027943075000000000e+09
1.027943120000000000e+09
1.027943138000000000e+09
1.027943156000000000e+09
1.027943417000000000e+09
1.027944506000000000e+09
1.027944668000000000e+09
1.027944713000000000e+09
1.027945019000000000e+09
1.027945487000000000e+09
1.027945928000000000e+09
1.027946054000000000e+09
1.027946108000000000e+09
1.027946135000000000e+09
1.027946441000000000e+09
1.027946540000000000e+09
1.027947107000000000e+09
1.027947539000000000e+09
1.027947566000000000e+09
1.027947620000000000e+09
1.027947638000000000e+09
1.027947710000000000e+09
1.027948043000000000e+09
1.027948331000000000e+09
1.027948394000000000e+09
1.027948583000000000e+09
1.027948664000000000e+09
1.027948754000000000e+09
1.027948898000000000e+09
1.027948997000000000e+09
1.027949231000000000e+09
1.027949429000000000e+09
1.027949609000000000e+09
1.027949618000000000e+09
1.027949627000000000e+09
1.027949843000000000e+09
1.027950113000000000e+09
1.027950293000000000e+09
1.027950338000000000e+09
1.027950383000000000e+09
1.027950581000000000e+09
1.027950896000000000e+09
1.027951031000000000e+09
1.027951094000000000e+09
1.027951229000000000e+09
1.027951256000000000e+09
1.027951283000000000e+09
1.027951643000000000e+09
1.027951859000000000e+09
1.027951949000000000e+09
1.027952264000000000e+09
1.027952903000000000e+09
1.027952993000000000e+09
1.027953731000000000e+09
1.027954001000000000e+09
1.027954028000000000e+09
1.027954091000000000e+09
1.027954100000000000e+09
1.027954505000000000e+09
1.027954604000000000e+09
1.027954613000000000e+09
1.027954640000000000e+09
1.027954685000000000e+09
1.027954838000000000e+09
1.027954991000000000e+09
1.027955027000000000e+09
1.027955189000000000e+09
1.027955225000000000e+09
1.027955297000000000e+09
1.027955495000000000e+09
1.027955540000000000e+09
1.027955846000000000e+09
1.027956161000000000e+09
1.027956179000000000e+09
1.027956215000000000e+09
1.027956350000000000e+09
1.027956359000000000e+09
1.027956476000000000e+09
1.027957043000000000e+09
1.027957124000000000e+09
1.027957178000000000e+09
1.027957196000000000e+09
1.027957862000000000e+09
1.027957889000000000e+09
1.027957898000000000e+09
1.027957916000000000e+09
1.027958006000000000e+09
1.027958411000000000e+09
1.027958501000000000e+09
1.027958762000000000e+09
1.027958843000000000e+09
1.027958852000000000e+09
1.027959266000000000e+09
1.027959293000000000e+09
1.027959473000000000e+09
1.027959491000000000e+09
1.027959590000000000e+09
1.027959896000000000e+09
1.027960148000000000e+09
1.027960247000000000e+09
1.027960373000000000e+09
1.027960409000000000e+09
1.027960589000000000e+09
1.027960670000000000e+09
1.027960913000000000e+09
1.027960940000000000e+09
1.027961129000000000e+09
1.027961534000000000e+09
1.027962128000000000e+09
1.027962380000000000e+09
1.027962434000000000e+09
1.027962569000000000e+09
1.027962578000000000e+09
1.027962587000000000e+09
1.027962686000000000e+09
1.027962722000000000e+09
1.027962749000000000e+09
1.027962758000000000e+09
1.027962767000000000e+09
1.027962839000000000e+09
1.027962866000000000e+09
1.027962884000000000e+09
1.027962920000000000e+09
1.027963055000000000e+09
1.027963091000000000e+09
1.027963118000000000e+09
1.027963217000000000e+09
1.027963244000000000e+09
1.027963262000000000e+09
1.027963307000000000e+09
1.027963343000000000e+09
1.027963370000000000e+09
1.027963406000000000e+09
1.027963442000000000e+09
1.027963514000000000e+09
1.027963874000000000e+09
1.027963928000000000e+09
1.027964072000000000e+09
1.027964243000000000e+09
1.027964279000000000e+09
1.027964342000000000e+09
1.027964567000000000e+09
1.027964576000000000e+09
1.027964792000000000e+09
1.027965116000000000e+09
1.027965134000000000e+09
1.027965197000000000e+09
1.027965422000000000e+09
1.027965458000000000e+09
1.027967096000000000e+09
1.027967735000000000e+09
1.027968599000000000e+09
1.027968608000000000e+09
1.027968626000000000e+09
1.027968635000000000e+09
1.027969094000000000e+09
1.027969148000000000e+09
1.027969292000000000e+09
1.027969400000000000e+09
1.027969418000000000e+09
1.027969463000000000e+09
1.027969526000000000e+09
1.027970264000000000e+09
1.027970336000000000e+09
1.027970345000000000e+09
1.027970606000000000e+09
1.027970633000000000e+09
1.027970642000000000e+09
1.027970660000000000e+09
1.027970795000000000e+09
1.027970903000000000e+09
1.027971146000000000e+09
1.027971173000000000e+09
1.027971227000000000e+09
1.027971263000000000e+09
1.027971443000000000e+09
1.027971587000000000e+09
1.027971974000000000e+09
1.027972154000000000e+09
1.027973000000000000e+09
1.027973198000000000e+09
1.027973360000000000e+09
1.027973432000000000e+09
1.027973657000000000e+09
1.027973864000000000e+09
1.027974989000000000e+09
1.027975052000000000e+09
1.027975934000000000e+09
1.027975952000000000e+09
1.027976465000000000e+09
1.027976591000000000e+09
1.027976735000000000e+09
1.027976789000000000e+09
1.027976825000000000e+09
1.027976861000000000e+09
1.027977023000000000e+09
1.027977032000000000e+09
1.027977059000000000e+09
1.027977131000000000e+09
1.027977221000000000e+09
1.027977230000000000e+09
1.027977356000000000e+09
1.027977392000000000e+09
1.027977608000000000e+09
1.027977617000000000e+09
1.027977860000000000e+09
1.027978013000000000e+09
1.027978121000000000e+09
1.027978211000000000e+09
1.027978247000000000e+09
1.027978382000000000e+09
1.027978832000000000e+09
1.027978895000000000e+09
1.027979021000000000e+09
1.027979102000000000e+09
1.027979426000000000e+09
1.027980551000000000e+09
1.027981334000000000e+09
1.027981478000000000e+09
1.027981559000000000e+09
1.027981568000000000e+09
1.027981631000000000e+09
1.027981766000000000e+09
1.027982009000000000e+09
1.027982099000000000e+09
1.027982180000000000e+09
1.027982378000000000e+09
1.027982774000000000e+09
1.027983494000000000e+09
1.027983935000000000e+09
1.027984034000000000e+09
1.027984070000000000e+09
1.027984142000000000e+09
1.027984223000000000e+09
1.027984241000000000e+09
1.027984799000000000e+09
1.027985177000000000e+09
1.027985213000000000e+09
1.027985312000000000e+09
1.027985825000000000e+09
1.027985978000000000e+09
1.027986167000000000e+09
1.027986365000000000e+09
1.027986734000000000e+09
1.027986752000000000e+09
1.027986860000000000e+09
1.027986923000000000e+09
1.027986932000000000e+09
1.027987022000000000e+09
1.027987031000000000e+09
1.027987085000000000e+09
1.027987166000000000e+09
1.027987895000000000e+09
1.027988192000000000e+09
1.027988219000000000e+09
1.027988255000000000e+09
1.027988264000000000e+09
1.027988957000000000e+09
1.027989155000000000e+09
1.027989245000000000e+09
1.027989443000000000e+09
1.027989614000000000e+09
1.027989740000000000e+09
1.027989794000000000e+09
1.027989965000000000e+09
1.027990307000000000e+09
1.027990766000000000e+09
1.027990973000000000e+09
1.027991027000000000e+09
1.027991045000000000e+09
1.027991063000000000e+09
1.027991189000000000e+09
1.027991558000000000e+09
1.027991846000000000e+09
1.027991855000000000e+09
1.027991864000000000e+09
1.027992035000000000e+09
1.027992260000000000e+09
1.027992323000000000e+09
1.027992764000000000e+09
1.027992944000000000e+09
1.027993034000000000e+09
1.027993061000000000e+09
1.027993250000000000e+09
1.027993520000000000e+09
1.027993610000000000e+09
1.027993781000000000e+09
1.027993835000000000e+09
1.027993997000000000e+09
1.027994177000000000e+09
1.027995032000000000e+09
1.027995653000000000e+09
1.027996040000000000e+09
1.027996265000000000e+09
1.027996283000000000e+09
1.027996328000000000e+09
1.027996382000000000e+09
1.027996436000000000e+09
1.027996445000000000e+09
1.027996463000000000e+09
1.027996490000000000e+09
1.027996571000000000e+09
1.027997039000000000e+09
1.027997381000000000e+09
1.027997390000000000e+09
1.027998074000000000e+09
1.027998263000000000e+09
1.027998677000000000e+09
1.027998776000000000e+09
1.027998902000000000e+09
1.028006156000000000e+09
1.028006291000000000e+09
1.028006318000000000e+09
1.028006597000000000e+09
1.028011862000000000e+09
1.028012240000000000e+09
1.028012807000000000e+09
1.028013095000000000e+09
1.028013248000000000e+09
1.028013365000000000e+09
1.028013761000000000e+09
1.028014418000000000e+09
1.028028278000000000e+09
1.028032796000000000e+09
1.028032859000000000e+09
1.028033129000000000e+09
1.028036792000000000e+09
1.028037152000000000e+09
1.028037611000000000e+09
1.028038673000000000e+09
1.028041103000000000e+09
1.028041256000000000e+09
1.028052731000000000e+09
1.028054504000000000e+09
1.028055728000000000e+09
1.028091746000000000e+09
1.028096210000000000e+09
1.028105993000000000e+09
1.028114039000000000e+09
1.028119673000000000e+09
1.028145782000000000e+09
1.028149445000000000e+09
1.028165987000000000e+09
1.028168462000000000e+09
1.028169425000000000e+09
1.028193221000000000e+09
1.028213957000000000e+09
1.028224901000000000e+09
1.028253197000000000e+09
1.028259272000000000e+09
1.028275292000000000e+09
1.028282015000000000e+09
1.028288891000000000e+09
1.028290628000000000e+09
1.028304380000000000e+09
1.028337005000000000e+09
1.028369207000000000e+09
1.028376560000000000e+09
1.028385281000000000e+09
1.030027322000000000e+09
1.030031723000000000e+09
1.030032173000000000e+09
1.030041326000000000e+09
1.031232476000000000e+09
1.031240864000000000e+09
1.031250395000000000e+09
1.031255282000000000e+09
1.031268602000000000e+09
1.031271968000000000e+09
1.031272256000000000e+09
1.031274407000000000e+09
1.031496185000000000e+09
1.031496563000000000e+09
1.031497076000000000e+09
1.031497742000000000e+09
1.031498552000000000e+09
1.031498867000000000e+09
1.031716739000000000e+09
1.031717720000000000e+09
1.031733830000000000e+09
1.032104918000000000e+09
1.032112136000000000e+09
1.032116411000000000e+09
1.032119534000000000e+09
1.032120659000000000e+09
1.032125897000000000e+09
1.032128597000000000e+09
1.032131522000000000e+09
1.032488291000000000e+09
1.032493457000000000e+09
1.032493934000000000e+09
1.032496688000000000e+09
1.032502970000000000e+09
1.032509810000000000e+09
1.032509972000000000e+09
1.032512330000000000e+09
1.032743009000000000e+09
1.033644323000000000e+09
1.033776605000000000e+09
1.033777505000000000e+09
1.033790816000000000e+09
1.033792553000000000e+09
1.033986233000000000e+09
1.033986476000000000e+09
1.034877449000000000e+09
1.034884640000000000e+09
1.034892956000000000e+09
1.034896079000000000e+09
1.034896286000000000e+09
1.034929343000000000e+09
1.034933879000000000e+09
1.035627293000000000e+09
1.036196363000000000e+09
1.036422893000000000e+09
1.036425404000000000e+09
1.036434593000000000e+09
1.036437320000000000e+09
1.036437770000000000e+09
1.036442414000000000e+09
1.036446554000000000e+09
1.036656290000000000e+09
1.039888514000000000e+09
1.039888613000000000e+09
1.039888748000000000e+09
1.039889342000000000e+09
1.039889369000000000e+09
1.039889567000000000e+09
1.039914083000000000e+09
1.039914155000000000e+09
1.039920293000000000e+09
1.039925711000000000e+09
1.039925864000000000e+09
1.039965167000000000e+09
1.039965959000000000e+09
1.039966274000000000e+09
1.039966778000000000e+09
1.039966787000000000e+09
1.039967804000000000e+09
1.043265962000000000e+09
1.043265971000000000e+09
1.043266070000000000e+09
1.043266223000000000e+09
1.043267843000000000e+09
1.043267942000000000e+09
1.043268392000000000e+09
1.043273549000000000e+09
1.043273954000000000e+09
1.043273972000000000e+09
1.043274008000000000e+09
1.043274674000000000e+09
1.043294087000000000e+09
1.043294114000000000e+09
1.043294276000000000e+09
1.043294393000000000e+09
1.043294501000000000e+09
1.043294519000000000e+09
1.043295284000000000e+09
1.043361902000000000e+09
1.043361929000000000e+09
1.043362091000000000e+09
1.043427386000000000e+09
1.043448617000000000e+09
1.043465213000000000e+09
1.043465339000000000e+09
1.043465456000000000e+09
1.043465501000000000e+09
1.043465726000000000e+09
1.043466914000000000e+09
1.043467031000000000e+09
1.043473799000000000e+09
1.043474186000000000e+09
1.043474510000000000e+09
1.043474528000000000e+09
1.043474555000000000e+09
1.043642936000000000e+09
1.043643134000000000e+09
1.043643206000000000e+09
1.043680475000000000e+09
1.043680484000000000e+09
1.043697323000000000e+09
1.043740685000000000e+09
1.043746175000000000e+09
1.043746184000000000e+09
1.043746193000000000e+09
1.043746211000000000e+09
1.043746220000000000e+09
1.043746247000000000e+09
1.043746346000000000e+09
1.043747345000000000e+09
1.043747444000000000e+09
1.043748335000000000e+09
1.043748488000000000e+09
1.043748497000000000e+09
1.043748524000000000e+09
1.043748560000000000e+09
1.043748587000000000e+09
1.043748596000000000e+09
1.043748632000000000e+09
1.043748677000000000e+09
1.043748713000000000e+09
1.043748758000000000e+09
1.043749073000000000e+09
1.043749307000000000e+09
1.043749316000000000e+09
1.043749334000000000e+09
1.043749343000000000e+09
1.043749388000000000e+09
1.043749415000000000e+09
1.043749568000000000e+09
1.043749712000000000e+09
1.043749910000000000e+09
1.043750054000000000e+09
1.043750126000000000e+09
1.043750171000000000e+09
1.043750324000000000e+09
1.043750783000000000e+09
1.043750828000000000e+09
1.043750963000000000e+09
1.043750990000000000e+09
1.043751197000000000e+09
1.043751467000000000e+09
1.043751710000000000e+09
1.043752007000000000e+09
1.043752025000000000e+09
1.043752079000000000e+09
1.043752142000000000e+09
1.043752196000000000e+09
1.043752475000000000e+09
1.043752511000000000e+09
1.043752520000000000e+09
1.043753141000000000e+09
1.043753195000000000e+09
1.043753267000000000e+09
1.043753294000000000e+09
1.043753384000000000e+09
1.043753744000000000e+09
1.043753762000000000e+09
1.043753951000000000e+09
1.043755310000000000e+09
1.043755634000000000e+09
1.043756048000000000e+09
1.043756102000000000e+09
1.043756273000000000e+09
1.043756660000000000e+09
1.043756696000000000e+09
1.043757083000000000e+09
1.043757110000000000e+09
1.043757173000000000e+09
1.043758280000000000e+09
1.043758559000000000e+09
1.043759270000000000e+09
1.043759288000000000e+09
1.043759324000000000e+09
1.043759441000000000e+09
1.043759630000000000e+09
1.043759684000000000e+09
1.043759783000000000e+09
1.043760251000000000e+09
1.043760260000000000e+09
1.043760467000000000e+09
1.043760548000000000e+09
1.043760629000000000e+09
1.043760953000000000e+09
1.043761178000000000e+09
1.043761331000000000e+09
1.043761421000000000e+09
1.043761502000000000e+09
1.043761592000000000e+09
1.043762015000000000e+09
1.043762132000000000e+09
1.043762600000000000e+09
1.043762663000000000e+09
1.043762789000000000e+09
1.043763347000000000e+09
1.043763662000000000e+09
1.043763707000000000e+09
1.043763788000000000e+09
1.043763806000000000e+09
1.043763977000000000e+09
1.043764058000000000e+09
1.043764301000000000e+09
1.043764400000000000e+09
1.043764463000000000e+09
1.043764733000000000e+09
1.043764823000000000e+09
1.043764859000000000e+09
1.043764868000000000e+09
1.043764976000000000e+09
1.043765102000000000e+09
1.043765192000000000e+09
1.043765534000000000e+09
1.043765597000000000e+09
1.043765615000000000e+09
1.043765633000000000e+09
1.043765795000000000e+09
1.043766128000000000e+09
1.043766164000000000e+09
1.043766245000000000e+09
1.043766407000000000e+09
1.043766542000000000e+09
1.043766920000000000e+09
1.043767361000000000e+09
1.043767586000000000e+09
1.043767640000000000e+09
1.043767883000000000e+09
1.043767892000000000e+09
1.043768135000000000e+09
1.043768270000000000e+09
1.043768477000000000e+09
1.043768639000000000e+09
1.043768657000000000e+09
1.043768738000000000e+09
1.043769116000000000e+09
1.043769503000000000e+09
1.043769620000000000e+09
1.043769674000000000e+09
1.043769872000000000e+09
1.043769890000000000e+09
1.043770007000000000e+09
1.043770070000000000e+09
1.043770304000000000e+09
1.043770556000000000e+09
1.043770601000000000e+09
1.043770691000000000e+09
1.043770862000000000e+09
1.043771267000000000e+09
1.043771555000000000e+09
1.043771573000000000e+09
1.043771996000000000e+09
1.043772509000000000e+09
1.043773031000000000e+09
1.043773058000000000e+09
1.043773094000000000e+09
1.043773481000000000e+09
1.043773526000000000e+09
1.043773544000000000e+09
1.043773589000000000e+09
1.043773976000000000e+09
1.043774129000000000e+09
1.043774192000000000e+09
1.043774435000000000e+09
1.043774840000000000e+09
1.043774921000000000e+09
1.043775029000000000e+09
1.043775065000000000e+09
1.043775236000000000e+09
1.043775398000000000e+09
1.043775740000000000e+09
1.043775794000000000e+09
1.043775938000000000e+09
1.043776226000000000e+09
1.043776280000000000e+09
1.043776802000000000e+09
1.043776901000000000e+09
1.043777090000000000e+09
1.043777837000000000e+09
1.043777891000000000e+09
1.043778026000000000e+09
1.043778035000000000e+09
1.043778044000000000e+09
1.043778071000000000e+09
1.043778251000000000e+09
1.043778341000000000e+09
1.043778395000000000e+09
1.043778602000000000e+09
1.043779286000000000e+09
1.043779583000000000e+09
1.043779727000000000e+09
1.043779808000000000e+09
1.043780105000000000e+09
1.043780141000000000e+09
1.043780276000000000e+09
1.043780456000000000e+09
1.043780474000000000e+09
1.043780609000000000e+09
1.043781014000000000e+09
1.043781887000000000e+09
1.043781905000000000e+09
1.043782049000000000e+09
1.043782481000000000e+09
1.043782526000000000e+09
1.043782670000000000e+09
1.043782850000000000e+09
1.043782913000000000e+09
1.043782958000000000e+09
1.043783012000000000e+09
1.043783075000000000e+09
1.043783147000000000e+09
1.043783318000000000e+09
1.043783417000000000e+09
1.043783453000000000e+09
1.043784920000000000e+09
1.043785001000000000e+09
1.043785550000000000e+09
1.043785676000000000e+09
1.043785730000000000e+09
1.043786702000000000e+09
1.043786756000000000e+09
1.043786954000000000e+09
1.043787278000000000e+09
1.043787314000000000e+09
1.043787377000000000e+09
1.043787413000000000e+09
1.043787440000000000e+09
1.043787782000000000e+09
1.043787845000000000e+09
1.043787899000000000e+09
1.043787917000000000e+09
1.043787953000000000e+09
1.043788043000000000e+09
1.043788052000000000e+09
1.043788169000000000e+09
1.043788799000000000e+09
1.043788880000000000e+09
1.043788970000000000e+09
1.043788988000000000e+09
1.043789015000000000e+09
1.043789087000000000e+09
1.043789150000000000e+09
1.043789240000000000e+09
1.043789249000000000e+09
1.043789375000000000e+09
1.043789429000000000e+09
1.043789528000000000e+09
1.043789546000000000e+09
1.043789582000000000e+09
1.043789654000000000e+09
1.043790275000000000e+09
1.043790356000000000e+09
1.043790374000000000e+09
1.043790572000000000e+09
1.043790707000000000e+09
1.043791103000000000e+09
1.043791202000000000e+09
1.043791301000000000e+09
1.043791391000000000e+09
1.043791571000000000e+09
1.043791625000000000e+09
1.043791868000000000e+09
1.043791994000000000e+09
1.043792066000000000e+09
1.043792129000000000e+09
1.043792273000000000e+09
1.043792336000000000e+09
1.043792372000000000e+09
1.043792543000000000e+09
1.043792822000000000e+09
1.043793110000000000e+09
1.043793155000000000e+09
1.043793506000000000e+09
1.043793524000000000e+09
1.043793578000000000e+09
1.043793623000000000e+09
1.043793749000000000e+09
1.043793866000000000e+09
1.043793884000000000e+09
1.043793992000000000e+09
1.043794280000000000e+09
1.043794388000000000e+09
1.043794451000000000e+09
1.043794586000000000e+09
1.043795207000000000e+09
1.043795567000000000e+09
1.043795576000000000e+09
1.043795639000000000e+09
1.043795675000000000e+09
1.043795693000000000e+09
1.043795756000000000e+09
1.043795981000000000e+09
1.043796017000000000e+09
1.043796080000000000e+09
1.043796098000000000e+09
1.043796197000000000e+09
1.043796332000000000e+09
1.043796683000000000e+09
1.043796728000000000e+09
1.043796926000000000e+09
1.043797295000000000e+09
1.043797358000000000e+09
1.043797493000000000e+09
1.043798672000000000e+09
1.043798879000000000e+09
1.043799005000000000e+09
1.043799095000000000e+09
1.043799158000000000e+09
1.043799176000000000e+09
1.043799905000000000e+09
1.043800517000000000e+09
1.043800922000000000e+09
1.043801057000000000e+09
1.043801120000000000e+09
1.043801228000000000e+09
1.043801408000000000e+09
1.043801579000000000e+09
1.043801921000000000e+09
1.043802218000000000e+09
1.043802497000000000e+09
1.043802659000000000e+09
1.043802704000000000e+09
1.043802803000000000e+09
1.043802911000000000e+09
1.043802920000000000e+09
1.043803163000000000e+09
1.043803370000000000e+09
1.043803694000000000e+09
1.043804720000000000e+09
1.043804918000000000e+09
1.043804963000000000e+09
1.043805089000000000e+09
1.043805107000000000e+09
1.043805125000000000e+09
1.043805269000000000e+09
1.043805359000000000e+09
1.043805476000000000e+09
1.043805566000000000e+09
1.043805944000000000e+09
1.043805989000000000e+09
1.043806043000000000e+09
1.043806061000000000e+09
1.043806097000000000e+09
1.043806808000000000e+09
1.043806907000000000e+09
1.043807654000000000e+09
1.043807789000000000e+09
1.043807825000000000e+09
1.043807879000000000e+09
1.043807897000000000e+09
1.043807969000000000e+09
1.043807996000000000e+09
1.043808077000000000e+09
1.043808194000000000e+09
1.043808509000000000e+09
1.043808689000000000e+09
1.043808788000000000e+09
1.043809175000000000e+09
1.043809454000000000e+09
1.043809949000000000e+09
1.043809976000000000e+09
1.043810021000000000e+09
1.043810147000000000e+09
1.043810165000000000e+09
1.043810525000000000e+09
1.043810534000000000e+09
1.043810561000000000e+09
1.043810615000000000e+09
1.043810642000000000e+09
1.043810705000000000e+09
1.043810795000000000e+09
1.043810966000000000e+09
1.043811245000000000e+09
1.043811443000000000e+09
1.043811479000000000e+09
1.043811668000000000e+09
1.043811947000000000e+09
1.043812064000000000e+09
1.043812109000000000e+09
1.043812604000000000e+09
1.043812712000000000e+09
1.043812739000000000e+09
1.043812748000000000e+09
1.043812820000000000e+09
1.043813009000000000e+09
1.043813063000000000e+09
1.043813081000000000e+09
1.043813117000000000e+09
1.043813153000000000e+09
1.043813306000000000e+09
1.043813396000000000e+09
1.043813594000000000e+09
1.043813936000000000e+09
1.043814107000000000e+09
1.043814179000000000e+09
1.043814206000000000e+09
1.043814251000000000e+09
1.043814359000000000e+09
1.043814737000000000e+09
1.043814755000000000e+09
1.043814899000000000e+09
1.043815232000000000e+09
1.043815349000000000e+09
1.043815376000000000e+09
1.043815718000000000e+09
1.043815799000000000e+09
1.043816375000000000e+09
1.043816744000000000e+09
1.043817185000000000e+09
1.043817365000000000e+09
1.043817608000000000e+09
1.043817761000000000e+09
1.043817860000000000e+09
1.043818418000000000e+09
1.043819048000000000e+09
1.043819516000000000e+09
1.043819705000000000e+09
1.043820119000000000e+09
1.043820155000000000e+09
1.043820866000000000e+09
1.043820911000000000e+09
1.043821073000000000e+09
1.043821568000000000e+09
1.043821910000000000e+09
1.043821991000000000e+09
1.043822054000000000e+09
1.043822135000000000e+09
1.043822153000000000e+09
1.043822243000000000e+09
1.043822423000000000e+09
1.043822450000000000e+09
1.043822459000000000e+09
1.043822666000000000e+09
1.043822765000000000e+09
1.043822783000000000e+09
1.043823044000000000e+09
1.043823089000000000e+09
1.043823188000000000e+09
1.043823449000000000e+09
1.043823548000000000e+09
1.043823710000000000e+09
1.043823800000000000e+09
1.043824313000000000e+09
1.043824367000000000e+09
1.043824754000000000e+09
1.043824799000000000e+09
1.043824961000000000e+09
1.043825825000000000e+09
1.043825852000000000e+09
1.043825879000000000e+09
1.043825888000000000e+09
1.043825897000000000e+09
1.043825906000000000e+09
1.043825933000000000e+09
1.043825951000000000e+09
1.043825960000000000e+09
1.043825978000000000e+09
1.043825996000000000e+09
1.043826005000000000e+09
1.043826014000000000e+09
1.043826032000000000e+09
1.043826437000000000e+09
1.043826536000000000e+09
1.043827085000000000e+09
1.043827103000000000e+09
1.043827472000000000e+09
1.043827526000000000e+09
1.043828039000000000e+09
1.043828291000000000e+09
1.043828363000000000e+09
1.043828390000000000e+09
1.043828606000000000e+09
1.043828777000000000e+09
1.043828885000000000e+09
1.043828894000000000e+09
1.043828903000000000e+09
1.043828912000000000e+09
1.043828930000000000e+09
1.043828948000000000e+09
1.043828957000000000e+09
1.043828975000000000e+09
1.043828984000000000e+09
1.043828993000000000e+09
1.043829002000000000e+09
1.043829029000000000e+09
1.043829056000000000e+09
1.043829065000000000e+09
1.043829074000000000e+09
1.043829200000000000e+09
1.043829740000000000e+09
1.043829758000000000e+09
1.043830280000000000e+09
1.043830505000000000e+09
1.043830577000000000e+09
1.043830640000000000e+09
1.043830721000000000e+09
1.043830757000000000e+09
1.043830865000000000e+09
1.043830946000000000e+09
1.043830973000000000e+09
1.043831009000000000e+09
1.043831054000000000e+09
1.043831207000000000e+09
1.043831261000000000e+09
1.043831459000000000e+09
1.043832134000000000e+09
1.043832224000000000e+09
1.043832278000000000e+09
1.043832494000000000e+09
1.043832728000000000e+09
1.043832737000000000e+09
1.043832818000000000e+09
1.043832827000000000e+09
1.043832917000000000e+09
1.043832926000000000e+09
1.043833052000000000e+09
1.043833106000000000e+09
1.043833583000000000e+09
1.043833655000000000e+09
1.043834114000000000e+09
1.043834186000000000e+09
1.043834204000000000e+09
1.043834438000000000e+09
1.043834456000000000e+09
1.043834465000000000e+09
1.043834591000000000e+09
1.043834708000000000e+09
1.043835419000000000e+09
1.043836571000000000e+09
1.043836634000000000e+09
1.043836652000000000e+09
1.043836922000000000e+09
1.043837660000000000e+09
1.043838047000000000e+09
1.043838065000000000e+09
1.043838146000000000e+09
1.043838191000000000e+09
1.043838200000000000e+09
1.043838821000000000e+09
1.043838857000000000e+09
1.043838911000000000e+09
1.043839055000000000e+09
1.043839226000000000e+09
1.043839424000000000e+09
1.043839712000000000e+09
1.043839946000000000e+09
1.043839991000000000e+09
1.043840036000000000e+09
1.043840144000000000e+09
1.043840369000000000e+09
1.043840423000000000e+09
1.043840450000000000e+09
1.043840468000000000e+09
1.043840567000000000e+09
1.043840612000000000e+09
1.043840630000000000e+09
1.043840666000000000e+09
1.043840693000000000e+09
1.043840702000000000e+09
1.043840792000000000e+09
1.043841053000000000e+09
1.043841116000000000e+09
1.043841170000000000e+09
1.043841224000000000e+09
1.043841251000000000e+09
1.043841332000000000e+09
1.043841413000000000e+09
1.043841494000000000e+09
1.043841620000000000e+09
1.043841773000000000e+09
1.043841827000000000e+09
1.043841863000000000e+09
1.043841935000000000e+09
1.043842124000000000e+09
1.043842205000000000e+09
1.043842430000000000e+09
1.043842511000000000e+09
1.043843987000000000e+09
1.043844113000000000e+09
1.043844185000000000e+09
1.043844608000000000e+09
1.043844761000000000e+09
1.043845049000000000e+09
1.043845157000000000e+09
1.043845319000000000e+09
1.043845328000000000e+09
1.043845409000000000e+09
1.043845481000000000e+09
1.043845589000000000e+09
1.043846048000000000e+09
1.043846120000000000e+09
1.043846165000000000e+09
1.043846246000000000e+09
1.043846363000000000e+09
1.043846642000000000e+09
1.043846678000000000e+09
1.043846705000000000e+09
1.043846849000000000e+09
1.043847002000000000e+09
1.043847083000000000e+09
1.043847119000000000e+09
1.043847137000000000e+09
1.043847146000000000e+09
1.043847164000000000e+09
1.043847200000000000e+09
1.043847353000000000e+09
1.043847443000000000e+09
1.043847452000000000e+09
1.043847461000000000e+09
1.043847506000000000e+09
1.043847515000000000e+09
1.043847533000000000e+09
1.043848028000000000e+09
1.043848523000000000e+09
1.043848631000000000e+09
1.043848721000000000e+09
1.043848874000000000e+09
1.043849558000000000e+09
1.043849693000000000e+09
1.043849702000000000e+09
1.043850062000000000e+09
1.043850233000000000e+09
1.043850251000000000e+09
1.043850332000000000e+09
1.043850485000000000e+09
1.043850503000000000e+09
1.043850584000000000e+09
1.043850710000000000e+09
1.043850755000000000e+09
1.043850773000000000e+09
1.043850782000000000e+09
1.043850809000000000e+09
1.043850899000000000e+09
1.043851097000000000e+09
1.043851151000000000e+09
1.043851223000000000e+09
1.043851376000000000e+09
1.043851385000000000e+09
1.043851628000000000e+09
1.043851772000000000e+09
1.043851943000000000e+09
1.043852060000000000e+09
1.043852114000000000e+09
1.043852141000000000e+09
1.043852447000000000e+09
1.043853104000000000e+09
1.043853131000000000e+09
1.043853680000000000e+09
1.043854229000000000e+09
1.043854337000000000e+09
1.043854445000000000e+09
1.043854481000000000e+09
1.043854490000000000e+09
1.043854499000000000e+09
1.043854535000000000e+09
1.043854553000000000e+09
1.043854580000000000e+09
1.043854625000000000e+09
1.043854670000000000e+09
1.043854814000000000e+09
1.043855129000000000e+09
1.043855138000000000e+09
1.043855165000000000e+09
1.043855210000000000e+09
1.043855255000000000e+09
1.043855354000000000e+09
1.043855399000000000e+09
1.043855408000000000e+09
1.043855444000000000e+09
1.043855453000000000e+09
1.043855615000000000e+09
1.043855642000000000e+09
1.043855732000000000e+09
1.043855777000000000e+09
1.043855831000000000e+09
1.043855957000000000e+09
1.043856065000000000e+09
1.043856182000000000e+09
1.043856227000000000e+09
1.043857100000000000e+09
1.043857118000000000e+09
1.043857658000000000e+09
1.043857811000000000e+09
1.043857847000000000e+09
1.043858198000000000e+09
1.043858234000000000e+09
1.043858693000000000e+09
1.043859260000000000e+09
1.043859332000000000e+09
1.043859350000000000e+09
1.043859359000000000e+09
1.043859440000000000e+09
1.043859476000000000e+09
1.043859485000000000e+09
1.043859530000000000e+09
1.043859548000000000e+09
1.043859719000000000e+09
1.043859737000000000e+09
1.043860070000000000e+09
1.043860088000000000e+09
1.043860124000000000e+09
1.043860268000000000e+09
1.043860367000000000e+09
1.043860484000000000e+09
1.043860583000000000e+09
1.043860871000000000e+09
1.043861195000000000e+09
1.043861267000000000e+09
1.043861294000000000e+09
1.043861339000000000e+09
1.043861681000000000e+09
1.043861753000000000e+09
1.043864048000000000e+09
1.043866271000000000e+09
1.043866298000000000e+09
1.043866487000000000e+09
1.043867189000000000e+09
1.043867315000000000e+09
1.043867342000000000e+09
1.043867369000000000e+09
1.043867441000000000e+09
1.043867576000000000e+09
1.043867630000000000e+09
1.043867828000000000e+09
1.043867873000000000e+09
1.043868269000000000e+09
1.043868341000000000e+09
1.043868404000000000e+09
1.043868926000000000e+09
1.043869223000000000e+09
1.043869601000000000e+09
1.043869628000000000e+09
1.043869655000000000e+09
1.043869664000000000e+09
1.043870096000000000e+09
1.043870276000000000e+09
1.043870474000000000e+09
1.043870726000000000e+09
1.043870942000000000e+09
1.043871293000000000e+09
1.043871365000000000e+09
1.043871464000000000e+09
1.043871536000000000e+09
1.043872256000000000e+09
1.043872607000000000e+09
1.043872670000000000e+09
1.043872922000000000e+09
1.043873210000000000e+09
1.043873435000000000e+09
1.043873849000000000e+09
1.043873930000000000e+09
1.043874011000000000e+09
1.043874092000000000e+09
1.043874101000000000e+09
1.043874119000000000e+09
1.043874209000000000e+09
1.043874254000000000e+09
1.043874326000000000e+09
1.043874443000000000e+09
1.043874614000000000e+09
1.043874992000000000e+09
1.043875271000000000e+09
1.043875460000000000e+09
1.043875469000000000e+09
1.043875649000000000e+09
1.043876450000000000e+09
1.043876819000000000e+09
1.043876999000000000e+09
1.043877089000000000e+09
1.043877647000000000e+09
1.043877836000000000e+09
1.043878223000000000e+09
1.043878277000000000e+09
1.043878430000000000e+09
1.043878538000000000e+09
1.043878556000000000e+09
1.043878637000000000e+09
1.043878727000000000e+09
1.043879186000000000e+09
1.043879222000000000e+09
1.043879303000000000e+09
1.043879582000000000e+09
1.043879834000000000e+09
1.043879933000000000e+09
1.043880005000000000e+09
1.043880212000000000e+09
1.043880248000000000e+09
1.043880311000000000e+09
1.043880482000000000e+09
1.043881859000000000e+09
1.043882498000000000e+09
1.043882651000000000e+09
1.043882741000000000e+09
1.043882750000000000e+09
1.043882759000000000e+09
1.043883182000000000e+09
1.043883497000000000e+09
1.043883893000000000e+09
1.043883956000000000e+09
1.043885225000000000e+09
1.043885261000000000e+09
1.043885297000000000e+09
1.043885342000000000e+09
1.043885576000000000e+09
1.043885855000000000e+09
1.043886035000000000e+09
1.043886152000000000e+09
1.043886170000000000e+09
1.043886305000000000e+09
1.043886359000000000e+09
1.043886404000000000e+09
1.043886413000000000e+09
1.043886422000000000e+09
1.043886881000000000e+09
1.043886926000000000e+09
1.043887223000000000e+09
1.043887295000000000e+09
1.043887727000000000e+09
1.043887763000000000e+09
1.043887970000000000e+09
1.043888087000000000e+09
1.043888951000000000e+09
1.043889599000000000e+09
1.043889842000000000e+09
1.043890013000000000e+09
1.043890346000000000e+09
1.043890364000000000e+09
1.043890391000000000e+09
1.043890787000000000e+09
1.043891822000000000e+09
1.043892425000000000e+09
1.043892857000000000e+09
1.043892956000000000e+09
1.043893163000000000e+09
1.043893595000000000e+09
1.043894036000000000e+09
1.043894216000000000e+09
1.043894279000000000e+09
1.043894369000000000e+09
1.043894396000000000e+09
1.043894738000000000e+09
1.043895287000000000e+09
1.043896223000000000e+09
1.043896259000000000e+09
1.043896475000000000e+09
1.043896502000000000e+09
1.043896538000000000e+09
1.043896844000000000e+09
1.043896853000000000e+09
1.043896916000000000e+09
1.043896925000000000e+09
1.043897042000000000e+09
1.043897213000000000e+09
1.043897303000000000e+09
1.043897834000000000e+09
1.043897888000000000e+09
1.043898293000000000e+09
1.043898464000000000e+09
1.043899148000000000e+09
1.043899859000000000e+09
1.043900984000000000e+09
1.043901119000000000e+09
1.043901371000000000e+09
1.043901398000000000e+09
1.043901533000000000e+09
1.043901659000000000e+09
1.043901857000000000e+09
1.043902523000000000e+09
1.043902793000000000e+09
1.043902982000000000e+09
1.043903180000000000e+09
1.043903261000000000e+09
1.043903288000000000e+09
1.043903306000000000e+09
1.043903450000000000e+09
1.043903540000000000e+09
1.043903729000000000e+09
1.043903828000000000e+09
1.043903954000000000e+09
1.043904485000000000e+09
1.043904557000000000e+09
1.043904737000000000e+09
1.043904773000000000e+09
1.043905052000000000e+09
1.043905169000000000e+09
1.043905187000000000e+09
1.043905205000000000e+09
1.043905628000000000e+09
1.043905754000000000e+09
1.043906006000000000e+09
1.043906051000000000e+09
1.043906078000000000e+09
1.043906285000000000e+09
1.043906447000000000e+09
1.043906618000000000e+09
1.043906645000000000e+09
1.043906753000000000e+09
1.043906834000000000e+09
1.043906942000000000e+09
1.043908229000000000e+09
1.043908715000000000e+09
1.043909228000000000e+09
1.043909255000000000e+09
1.043909282000000000e+09
1.043909381000000000e+09
1.043909426000000000e+09
1.043910713000000000e+09
1.043910902000000000e+09
1.043910992000000000e+09
1.043911172000000000e+09
1.043911190000000000e+09
1.043911523000000000e+09
1.043911550000000000e+09
1.043911631000000000e+09
1.043911874000000000e+09
1.043911919000000000e+09
1.043912090000000000e+09
1.043912117000000000e+09
1.043912225000000000e+09
1.043912252000000000e+09
1.043912837000000000e+09
1.043912891000000000e+09
1.043912927000000000e+09
1.043912990000000000e+09
1.043913134000000000e+09
1.043913152000000000e+09
1.043913161000000000e+09
1.043913233000000000e+09
1.043913737000000000e+09
1.043913872000000000e+09
1.043914709000000000e+09
1.043914718000000000e+09
1.043915528000000000e+09
1.043915681000000000e+09
1.043915771000000000e+09
1.043915807000000000e+09
1.043915942000000000e+09
1.043916113000000000e+09
1.043916194000000000e+09
1.043916356000000000e+09
1.043916554000000000e+09
1.043916581000000000e+09
1.043916743000000000e+09
1.043917013000000000e+09
1.043917067000000000e+09
1.043917625000000000e+09
1.043917832000000000e+09
1.043918075000000000e+09
1.043918111000000000e+09
1.043918219000000000e+09
1.043918246000000000e+09
1.043918255000000000e+09
1.043918273000000000e+09
1.043918399000000000e+09
1.043918435000000000e+09
1.043918471000000000e+09
1.043918651000000000e+09
1.043918858000000000e+09
1.043919047000000000e+09
1.043919182000000000e+09
1.043919227000000000e+09
1.043919317000000000e+09
1.043919479000000000e+09
1.043919560000000000e+09
1.043919875000000000e+09
1.043920010000000000e+09
1.043920064000000000e+09
1.043920127000000000e+09
1.043920136000000000e+09
1.043921117000000000e+09
1.043921126000000000e+09
1.043921135000000000e+09
1.043921351000000000e+09
1.043921387000000000e+09
1.043921414000000000e+09
