1.045351919000000000e+09
1.045352342000000000e+09
1.045352927000000000e+09
1.045352954000000000e+09
1.045353035000000000e+09
1.045468685000000000e+09
1.045471466000000000e+09
1.045483040000000000e+09
1.045803269000000000e+09
1.045804781000000000e+09
1.045804790000000000e+09
1.045806311000000000e+09
1.045820738000000000e+09
1.045821206000000000e+09
1.045821314000000000e+09
1.045835552000000000e+09
1.045841528000000000e+09
1.045841546000000000e+09
1.045841771000000000e+09
1.045841825000000000e+09
1.045845929000000000e+09
1.045846127000000000e+09
1.045858988000000000e+09
1.045900172000000000e+09
1.045945586000000000e+09
1.045945649000000000e+09
1.045945856000000000e+09
1.045945919000000000e+09
1.045946279000000000e+09
1.045956557000000000e+09
1.045956593000000000e+09
1.045956611000000000e+09
1.045976024000000000e+09
1.046005418000000000e+09
1.046005508000000000e+09
1.046186579000000000e+09
1.046186777000000000e+09
1.046189396000000000e+09
1.046220977000000000e+09
1.046221364000000000e+09
1.046278919000000000e+09
1.046330273000000000e+09
1.046330318000000000e+09
1.046348561000000000e+09
1.046391833000000000e+09
1.046394254000000000e+09
1.046394515000000000e+09
1.046451575000000000e+09
1.046482463000000000e+09
1.046775314000000000e+09
1.046775404000000000e+09
1.046800037000000000e+09
1.046805203000000000e+09
1.046888831000000000e+09
1.046888903000000000e+09
1.046889362000000000e+09
1.046932148000000000e+09
1.046938556000000000e+09
1.046938655000000000e+09
1.046938970000000000e+09
1.046939150000000000e+09
1.046939456000000000e+09
1.046939978000000000e+09
1.046939996000000000e+09
1.046940203000000000e+09
1.046983097000000000e+09
1.046983304000000000e+09
1.046998865000000000e+09
1.047007586000000000e+09
1.047007595000000000e+09
1.047007973000000000e+09
1.047050786000000000e+09
1.047094517000000000e+09
1.047094733000000000e+09
1.047095273000000000e+09
1.047096110000000000e+09
1.047096200000000000e+09
1.047096398000000000e+09
1.047096551000000000e+09
1.047096560000000000e+09
1.047100187000000000e+09
1.047101852000000000e+09
1.047102473000000000e+09
1.047102797000000000e+09
1.047102833000000000e+09
1.047103040000000000e+09
1.047130067000000000e+09
1.047162062000000000e+09
1.047162197000000000e+09
1.047162341000000000e+09
1.047167795000000000e+09
1.048121543000000000e+09
1.048121966000000000e+09
1.048122047000000000e+09
1.048122434000000000e+09
1.048122515000000000e+09
1.048122722000000000e+09
1.048144700000000000e+09
1.048144709000000000e+09
1.048144727000000000e+09
1.048155995000000000e+09
1.048156094000000000e+09
1.048156310000000000e+09
1.048156472000000000e+09
1.048181249000000000e+09
1.048218914000000000e+09
1.048313000000000000e+09
1.048313027000000000e+09
1.048313045000000000e+09
1.048313180000000000e+09
1.048313216000000000e+09
1.048339379000000000e+09
1.048362329000000000e+09
1.048362383000000000e+09
1.048362401000000000e+09
1.048389770000000000e+09
1.048389959000000000e+09
1.048389986000000000e+09
1.048420316000000000e+09
1.048420685000000000e+09
1.048446461000000000e+09
1.048941137000000000e+09
1.048941848000000000e+09
1.048995515000000000e+09
1.048995578000000000e+09
1.049078288000000000e+09
1.049099177000000000e+09
1.049121713000000000e+09
1.049121785000000000e+09
1.049125844000000000e+09
1.049149667000000000e+09
1.049149937000000000e+09
1.049150090000000000e+09
1.049150243000000000e+09
1.049175893000000000e+09
1.049175929000000000e+09
1.049178350000000000e+09
1.049185424000000000e+09
1.049258828000000000e+09
1.049258837000000000e+09
1.049261744000000000e+09
1.049273417000000000e+09
1.049275028000000000e+09
1.049275073000000000e+09
1.049275298000000000e+09
1.049275406000000000e+09
1.049276351000000000e+09
1.049313152000000000e+09
1.049313206000000000e+09
1.049313278000000000e+09
1.049313359000000000e+09
1.049339738000000000e+09
1.049339747000000000e+09
1.049366495000000000e+09
1.049388356000000000e+09
1.049393045000000000e+09
1.049393243000000000e+09
1.049420369000000000e+09
1.049420495000000000e+09
1.049443913000000000e+09
1.049443922000000000e+09
1.049443940000000000e+09
1.049463056000000000e+09
1.049463137000000000e+09
1.049463326000000000e+09
1.049463596000000000e+09
1.049500982000000000e+09
1.049503250000000000e+09
1.049503691000000000e+09
1.049503763000000000e+09
1.049503772000000000e+09
1.049504294000000000e+09
1.049504339000000000e+09
1.049607461000000000e+09
1.049607713000000000e+09
1.049748464000000000e+09
1.049758238000000000e+09
1.049758859000000000e+09
1.049759219000000000e+09
1.049759390000000000e+09
1.049760308000000000e+09
1.049760479000000000e+09
1.049760956000000000e+09
1.049761460000000000e+09
1.049761478000000000e+09
1.049836142000000000e+09
1.049836214000000000e+09
1.049836277000000000e+09
1.049836637000000000e+09
1.049836736000000000e+09
1.049836745000000000e+09
1.049836835000000000e+09
1.049837186000000000e+09
1.049837303000000000e+09
1.049837384000000000e+09
1.049837420000000000e+09
1.049837870000000000e+09
1.049838014000000000e+09
1.049838032000000000e+09
1.049838050000000000e+09
1.049838068000000000e+09
1.049838077000000000e+09
1.049838113000000000e+09
1.049838590000000000e+09
1.049838716000000000e+09
1.049838725000000000e+09
1.049838761000000000e+09
1.049839130000000000e+09
1.049839148000000000e+09
1.049839409000000000e+09
1.049839418000000000e+09
1.049840039000000000e+09
1.049840084000000000e+09
1.049840111000000000e+09
1.049840156000000000e+09
1.049840543000000000e+09
1.049840615000000000e+09
1.049840660000000000e+09
1.049840831000000000e+09
1.049840849000000000e+09
1.049840876000000000e+09
1.049841281000000000e+09
1.049841308000000000e+09
1.049841353000000000e+09
1.049841452000000000e+09
1.049841821000000000e+09
1.049841929000000000e+09
1.049842442000000000e+09
1.049842910000000000e+09
1.049843288000000000e+09
1.049843423000000000e+09
1.049843729000000000e+09
1.049843855000000000e+09
1.049843936000000000e+09
1.049844017000000000e+09
1.049844368000000000e+09
1.049844422000000000e+09
1.049845439000000000e+09
1.049846141000000000e+09
1.049846222000000000e+09
1.049846582000000000e+09
1.049846996000000000e+09
1.049847077000000000e+09
1.049847437000000000e+09
1.049847734000000000e+09
1.049847923000000000e+09
1.049848958000000000e+09
1.049849066000000000e+09
1.049849336000000000e+09
1.049849426000000000e+09
1.049849606000000000e+09
1.049850128000000000e+09
1.049850344000000000e+09
1.049850758000000000e+09
1.049850857000000000e+09
1.049850875000000000e+09
1.049850947000000000e+09
1.049851019000000000e+09
1.049851226000000000e+09
1.049851919000000000e+09
1.049852216000000000e+09
1.049852225000000000e+09
1.049852234000000000e+09
1.049852270000000000e+09
1.049852369000000000e+09
1.049852378000000000e+09
1.049852504000000000e+09
1.049852549000000000e+09
1.049852882000000000e+09
1.049853098000000000e+09
1.049853341000000000e+09
1.049853647000000000e+09
1.049853755000000000e+09
1.049854034000000000e+09
1.049854196000000000e+09
1.049854502000000000e+09
1.049854952000000000e+09
1.049855105000000000e+09
1.049855168000000000e+09
1.049855231000000000e+09
1.049855285000000000e+09
1.049855393000000000e+09
1.049855627000000000e+09
1.049855645000000000e+09
1.049855753000000000e+09
1.049855807000000000e+09
1.049855834000000000e+09
1.049856221000000000e+09
1.049856851000000000e+09
1.049857004000000000e+09
1.049857175000000000e+09
1.049857373000000000e+09
1.049857409000000000e+09
1.049857562000000000e+09
1.049857580000000000e+09
1.049857769000000000e+09
1.049865698000000000e+09
1.049865707000000000e+09
1.049874608000000000e+09
1.049878937000000000e+09
1.049886353000000000e+09
1.049891618000000000e+09
1.049900996000000000e+09
1.049915153000000000e+09
1.049922317000000000e+09
1.049926754000000000e+09
1.049939039000000000e+09
1.049945375000000000e+09
1.049951900000000000e+09
1.049952071000000000e+09
1.049952764000000000e+09
1.049953655000000000e+09
1.049958614000000000e+09
1.049984507000000000e+09
1.049984921000000000e+09
1.049984957000000000e+09
1.049985452000000000e+09
1.049985641000000000e+09
1.049986028000000000e+09
1.049986253000000000e+09
1.049986721000000000e+09
1.049986955000000000e+09
1.049987000000000000e+09
1.049987270000000000e+09
1.049987378000000000e+09
1.049987513000000000e+09
1.049987522000000000e+09
1.049987594000000000e+09
1.049989574000000000e+09
1.049990267000000000e+09
1.049990825000000000e+09
1.049990861000000000e+09
1.049991788000000000e+09
1.049992103000000000e+09
1.049992598000000000e+09
1.049992688000000000e+09
1.049992697000000000e+09
1.049993048000000000e+09
1.049993219000000000e+09
1.049993768000000000e+09
1.049994011000000000e+09
1.049994137000000000e+09
1.049994227000000000e+09
1.049994569000000000e+09
1.049994623000000000e+09
1.049995469000000000e+09
1.049995541000000000e+09
1.049995577000000000e+09
1.049995640000000000e+09
1.049996063000000000e+09
1.049996432000000000e+09
1.049996855000000000e+09
1.049997638000000000e+09
1.049997656000000000e+09
1.049997692000000000e+09
1.049997719000000000e+09
1.049997800000000000e+09
1.049998394000000000e+09
1.049998628000000000e+09
1.049998997000000000e+09
1.049999591000000000e+09
1.049999834000000000e+09
1.050000680000000000e+09
1.050001589000000000e+09
1.050001922000000000e+09
1.050002282000000000e+09
1.050002291000000000e+09
1.050002381000000000e+09
1.050002786000000000e+09
1.050053033000000000e+09
1.050053555000000000e+09
1.050053789000000000e+09
1.050054023000000000e+09
1.050054032000000000e+09
1.050054257000000000e+09
1.050054833000000000e+09
1.050055121000000000e+09
1.050055535000000000e+09
1.050055553000000000e+09
1.050055562000000000e+09
1.050055877000000000e+09
1.050056318000000000e+09
1.050056489000000000e+09
1.050056498000000000e+09
1.050056507000000000e+09
1.050058055000000000e+09
1.050058280000000000e+09
1.050058298000000000e+09
1.050059477000000000e+09
1.050059693000000000e+09
1.050059720000000000e+09
1.050060323000000000e+09
1.050060521000000000e+09
1.050060584000000000e+09
1.050060701000000000e+09
1.050060728000000000e+09
1.050061025000000000e+09
1.050061232000000000e+09
1.050061412000000000e+09
1.050061799000000000e+09
1.050062060000000000e+09
1.050062114000000000e+09
1.050062249000000000e+09
1.050062267000000000e+09
1.050062519000000000e+09
1.050062852000000000e+09
1.050063365000000000e+09
1.050063446000000000e+09
1.050064184000000000e+09
1.050064202000000000e+09
1.050064607000000000e+09
1.050065417000000000e+09
1.050065984000000000e+09
1.050066110000000000e+09
1.050066137000000000e+09
1.050066164000000000e+09
1.050066461000000000e+09
1.050066524000000000e+09
1.050066542000000000e+09
1.050066740000000000e+09
1.050066893000000000e+09
1.050066983000000000e+09
1.050067091000000000e+09
1.050067136000000000e+09
1.050067298000000000e+09
1.050067460000000000e+09
1.050067613000000000e+09
1.050067685000000000e+09
1.050067694000000000e+09
1.050067820000000000e+09
1.050067883000000000e+09
1.050068135000000000e+09
1.050068423000000000e+09
1.050068504000000000e+09
1.050069422000000000e+09
1.050069692000000000e+09
1.050073967000000000e+09
1.050074030000000000e+09
1.050074246000000000e+09
1.050074354000000000e+09
1.050074435000000000e+09
1.050074732000000000e+09
1.050074759000000000e+09
1.050075002000000000e+09
1.050075128000000000e+09
1.050075983000000000e+09
1.050076010000000000e+09
1.050076199000000000e+09
1.050076604000000000e+09
1.050076667000000000e+09
1.050076919000000000e+09
1.050076946000000000e+09
1.050076955000000000e+09
1.050077099000000000e+09
1.050077180000000000e+09
1.050077189000000000e+09
1.050077225000000000e+09
1.050077360000000000e+09
1.050077576000000000e+09
1.050077963000000000e+09
1.050078332000000000e+09
1.050078539000000000e+09
1.050078620000000000e+09
1.050078899000000000e+09
1.050079223000000000e+09
1.050079502000000000e+09
1.050080078000000000e+09
1.050080222000000000e+09
1.050080285000000000e+09
1.050080411000000000e+09
1.050080483000000000e+09
1.050080555000000000e+09
1.050080627000000000e+09
1.050080663000000000e+09
1.050080897000000000e+09
1.050080924000000000e+09
1.050081743000000000e+09
1.050081797000000000e+09
1.050081914000000000e+09
1.050082076000000000e+09
1.050082373000000000e+09
1.050082670000000000e+09
1.050082796000000000e+09
1.050082886000000000e+09
1.050082895000000000e+09
1.050083030000000000e+09
1.050083273000000000e+09
1.050083327000000000e+09
1.050083777000000000e+09
1.050083921000000000e+09
1.050084038000000000e+09
1.050084110000000000e+09
1.050084479000000000e+09
1.050084578000000000e+09
1.050084902000000000e+09
1.050084992000000000e+09
1.050085262000000000e+09
1.050085523000000000e+09
1.050085721000000000e+09
1.050085847000000000e+09
1.050085973000000000e+09
1.050086261000000000e+09
1.050086387000000000e+09
1.050086459000000000e+09
1.050086747000000000e+09
1.050087008000000000e+09
1.050087017000000000e+09
1.050087548000000000e+09
1.050087602000000000e+09
1.050087665000000000e+09
1.050087791000000000e+09
1.050088016000000000e+09
1.050088358000000000e+09
1.050088934000000000e+09
1.050089978000000000e+09
1.050090266000000000e+09
1.050090347000000000e+09
1.050090383000000000e+09
1.050090653000000000e+09
1.050091031000000000e+09
1.050091103000000000e+09
1.050091121000000000e+09
1.050091481000000000e+09
1.050091580000000000e+09
1.050092795000000000e+09
1.050093209000000000e+09
1.050093767000000000e+09
1.050094361000000000e+09
1.050094397000000000e+09
1.050094424000000000e+09
1.050094559000000000e+09
1.050094640000000000e+09
1.050094694000000000e+09
1.050094757000000000e+09
1.050094784000000000e+09
1.050094847000000000e+09
1.050094856000000000e+09
1.050095054000000000e+09
1.050095423000000000e+09
1.050095909000000000e+09
1.050096440000000000e+09
1.050096773000000000e+09
1.050096818000000000e+09
1.050096827000000000e+09
1.050096863000000000e+09
1.050096899000000000e+09
1.050097079000000000e+09
1.050097106000000000e+09
1.050097601000000000e+09
1.050098276000000000e+09
1.050098762000000000e+09
1.050098978000000000e+09
1.050099230000000000e+09
1.050099383000000000e+09
1.050100220000000000e+09
1.050100445000000000e+09
1.050100580000000000e+09
1.050101201000000000e+09
1.050101669000000000e+09
1.050101723000000000e+09
1.050101732000000000e+09
1.050101750000000000e+09
1.050101804000000000e+09
1.050101885000000000e+09
1.050101912000000000e+09
1.050101939000000000e+09
1.050102011000000000e+09
1.050102119000000000e+09
1.050102461000000000e+09
1.050104612000000000e+09
1.050104837000000000e+09
1.050105224000000000e+09
1.050105656000000000e+09
1.050105800000000000e+09
1.050105836000000000e+09
1.050105971000000000e+09
1.050106007000000000e+09
1.050106241000000000e+09
1.050106520000000000e+09
1.050106718000000000e+09
1.050106997000000000e+09
1.050107384000000000e+09
1.050107501000000000e+09
1.050107618000000000e+09
1.050108032000000000e+09
1.050108662000000000e+09
1.050108887000000000e+09
1.050109274000000000e+09
1.050109472000000000e+09
1.050109580000000000e+09
1.050110012000000000e+09
1.050110021000000000e+09
1.050110642000000000e+09
1.050110687000000000e+09
1.050111209000000000e+09
1.050111425000000000e+09
1.050111506000000000e+09
1.050111578000000000e+09
1.050111623000000000e+09
1.050111749000000000e+09
1.050111956000000000e+09
1.050111965000000000e+09
1.050112055000000000e+09
1.050112496000000000e+09
1.050112541000000000e+09
1.050112667000000000e+09
1.050112892000000000e+09
1.050113036000000000e+09
1.050115385000000000e+09
1.050115718000000000e+09
1.050116060000000000e+09
1.050116069000000000e+09
1.050116420000000000e+09
1.050116654000000000e+09
1.050117041000000000e+09
1.050117050000000000e+09
1.050117140000000000e+09
1.050118184000000000e+09
1.050118553000000000e+09
1.050118598000000000e+09
1.050118715000000000e+09
1.050118868000000000e+09
1.050119444000000000e+09
1.050119777000000000e+09
1.050119822000000000e+09
1.050119840000000000e+09
1.050119867000000000e+09
1.050120164000000000e+09
1.050120407000000000e+09
1.050120452000000000e+09
1.050120461000000000e+09
1.050120605000000000e+09
1.050120812000000000e+09
1.050121118000000000e+09
1.050121424000000000e+09
1.050121487000000000e+09
1.050121604000000000e+09
1.050121622000000000e+09
1.050121667000000000e+09
1.050121838000000000e+09
1.050122495000000000e+09
1.050122999000000000e+09
1.050123260000000000e+09
1.050123278000000000e+09
1.050123476000000000e+09
1.050123971000000000e+09
1.050124223000000000e+09
1.050124340000000000e+09
1.050124601000000000e+09
1.050124718000000000e+09
1.050125141000000000e+09
1.050125231000000000e+09
1.050125285000000000e+09
1.050125411000000000e+09
1.050125429000000000e+09
1.050125762000000000e+09
1.050126896000000000e+09
1.050127526000000000e+09
1.050127535000000000e+09
1.050127769000000000e+09
1.050127787000000000e+09
1.050127940000000000e+09
1.050128102000000000e+09
1.050128300000000000e+09
1.050128327000000000e+09
1.050128795000000000e+09
1.050130478000000000e+09
1.050130658000000000e+09
1.050131315000000000e+09
1.050131657000000000e+09
1.050131720000000000e+09
1.050131729000000000e+09
1.050131774000000000e+09
1.050131783000000000e+09
1.050132197000000000e+09
1.050132215000000000e+09
1.050132242000000000e+09
1.050132413000000000e+09
1.050132854000000000e+09
1.050133313000000000e+09
1.050133754000000000e+09
1.050133898000000000e+09
1.050133943000000000e+09
1.050134483000000000e+09
1.050135230000000000e+09
1.050135527000000000e+09
1.050135581000000000e+09
1.050135734000000000e+09
1.050135779000000000e+09
1.050136247000000000e+09
1.050136634000000000e+09
1.050137669000000000e+09
1.050137858000000000e+09
1.050138011000000000e+09
1.050138578000000000e+09
1.050138632000000000e+09
1.050138830000000000e+09
1.050139145000000000e+09
1.050139280000000000e+09
1.050139487000000000e+09
1.050140144000000000e+09
1.050140315000000000e+09
1.050140360000000000e+09
1.050140666000000000e+09
1.050140693000000000e+09
1.050141206000000000e+09
1.050141233000000000e+09
1.050142196000000000e+09
1.050142277000000000e+09
1.050142286000000000e+09
1.050142592000000000e+09
1.050142673000000000e+09
1.050142853000000000e+09
1.050143249000000000e+09
1.050143312000000000e+09
1.050143816000000000e+09
1.050144014000000000e+09
1.050144077000000000e+09
1.050144158000000000e+09
1.050144383000000000e+09
1.050144653000000000e+09
1.050144842000000000e+09
1.050144977000000000e+09
1.050144995000000000e+09
1.050145256000000000e+09
1.050145337000000000e+09
1.050145373000000000e+09
1.050145418000000000e+09
1.050145472000000000e+09
1.050145589000000000e+09
1.050145805000000000e+09
1.050145814000000000e+09
1.050145841000000000e+09
1.050145913000000000e+09
1.050145958000000000e+09
1.050145976000000000e+09
1.050146399000000000e+09
1.050146543000000000e+09
1.050146615000000000e+09
1.050146957000000000e+09
1.050146966000000000e+09
1.050147128000000000e+09
1.050147434000000000e+09
1.050147668000000000e+09
1.050147758000000000e+09
1.050148136000000000e+09
1.050148289000000000e+09
1.050148352000000000e+09
1.050148433000000000e+09
1.050148622000000000e+09
1.050148739000000000e+09
1.050148838000000000e+09
1.050148892000000000e+09
1.050148910000000000e+09
1.050148919000000000e+09
1.050149045000000000e+09
1.050149099000000000e+09
1.050149198000000000e+09
1.050149261000000000e+09
1.050149432000000000e+09
1.050149513000000000e+09
1.050149684000000000e+09
1.050149693000000000e+09
1.050149711000000000e+09
1.050149738000000000e+09
1.050149873000000000e+09
1.050150017000000000e+09
1.050150071000000000e+09
1.050150269000000000e+09
1.050150341000000000e+09
1.050150557000000000e+09
1.050150602000000000e+09
1.050150701000000000e+09
1.050150818000000000e+09
1.050150836000000000e+09
1.050151124000000000e+09
1.050151142000000000e+09
1.050151385000000000e+09
1.050151448000000000e+09
1.050151592000000000e+09
1.050151637000000000e+09
1.050151799000000000e+09
1.050152033000000000e+09
1.050152123000000000e+09
1.050152177000000000e+09
1.050152231000000000e+09
1.050152672000000000e+09
1.050152690000000000e+09
1.050152969000000000e+09
1.050153032000000000e+09
1.050153041000000000e+09
1.050153050000000000e+09
1.050153149000000000e+09
1.050153221000000000e+09
1.050153329000000000e+09
1.050153338000000000e+09
1.050153347000000000e+09
1.050153572000000000e+09
1.050153851000000000e+09
1.050154355000000000e+09
1.050154589000000000e+09
1.050154607000000000e+09
1.050154688000000000e+09
1.050154715000000000e+09
1.050154814000000000e+09
1.050154886000000000e+09
1.050155156000000000e+09
1.050155192000000000e+09
1.050155210000000000e+09
1.050155219000000000e+09
1.050155426000000000e+09
1.050155453000000000e+09
1.050155471000000000e+09
1.050155498000000000e+09
1.050155516000000000e+09
1.050155525000000000e+09
1.050155543000000000e+09
1.050155561000000000e+09
1.050155606000000000e+09
1.050155633000000000e+09
1.050155651000000000e+09
1.050155669000000000e+09
1.050155768000000000e+09
1.050155795000000000e+09
1.050155813000000000e+09
1.050155822000000000e+09
1.050155840000000000e+09
1.050155858000000000e+09
1.050155867000000000e+09
1.050155885000000000e+09
1.050155894000000000e+09
1.050155912000000000e+09
1.050155984000000000e+09
1.050156002000000000e+09
1.050156011000000000e+09
1.050156020000000000e+09
1.050156029000000000e+09
1.050156038000000000e+09
1.050156065000000000e+09
1.050156074000000000e+09
1.050156083000000000e+09
1.050156182000000000e+09
1.050156200000000000e+09
1.050156209000000000e+09
1.050156299000000000e+09
1.050156335000000000e+09
1.050156362000000000e+09
1.050156425000000000e+09
1.050156434000000000e+09
1.050156497000000000e+09
1.050156551000000000e+09
1.050156650000000000e+09
1.050156677000000000e+09
1.050156848000000000e+09
1.050156875000000000e+09
1.050156893000000000e+09
1.050156902000000000e+09
1.050156965000000000e+09
1.050156983000000000e+09
1.050157145000000000e+09
1.050157154000000000e+09
1.050157172000000000e+09
1.050157379000000000e+09
1.050157406000000000e+09
1.050157469000000000e+09
1.050157496000000000e+09
1.050157550000000000e+09
1.050157595000000000e+09
1.050157613000000000e+09
1.050157622000000000e+09
1.050157640000000000e+09
1.050157649000000000e+09
1.050157829000000000e+09
1.050157838000000000e+09
1.050157847000000000e+09
1.050157856000000000e+09
1.050157865000000000e+09
1.050157964000000000e+09
1.050158099000000000e+09
1.050158585000000000e+09
1.050158801000000000e+09
1.050160133000000000e+09
1.050160376000000000e+09
1.050160385000000000e+09
1.050160565000000000e+09
1.050160700000000000e+09
1.050160925000000000e+09
1.050160934000000000e+09
1.050160943000000000e+09
1.050161096000000000e+09
1.050161672000000000e+09
1.050161807000000000e+09
1.050161888000000000e+09
1.050162320000000000e+09
1.050162338000000000e+09
1.050163058000000000e+09
1.050163076000000000e+09
1.050163139000000000e+09
1.050163283000000000e+09
1.050163364000000000e+09
1.050163499000000000e+09
1.050163580000000000e+09
1.050163679000000000e+09
1.050163688000000000e+09
1.050163751000000000e+09
1.050163805000000000e+09
1.050163823000000000e+09
1.050163832000000000e+09
1.050163949000000000e+09
1.050164021000000000e+09
1.050164111000000000e+09
1.050164318000000000e+09
1.050164327000000000e+09
1.050164336000000000e+09
1.050164588000000000e+09
1.050164669000000000e+09
1.050164714000000000e+09
1.050164894000000000e+09
1.050164966000000000e+09
1.050165047000000000e+09
1.050165074000000000e+09
1.050165101000000000e+09
1.050165173000000000e+09
1.050165281000000000e+09
1.050165299000000000e+09
1.050165416000000000e+09
1.050165461000000000e+09
1.050165524000000000e+09
1.050165830000000000e+09
1.050165902000000000e+09
1.050166019000000000e+09
1.050166073000000000e+09
1.050166181000000000e+09
1.050166199000000000e+09
1.050166217000000000e+09
1.050166235000000000e+09
1.050166298000000000e+09
1.050166604000000000e+09
1.050166847000000000e+09
1.050166865000000000e+09
1.050167180000000000e+09
1.050167207000000000e+09
1.050167396000000000e+09
1.050167540000000000e+09
1.050167639000000000e+09
1.050167765000000000e+09
1.050167846000000000e+09
1.050168089000000000e+09
1.050168260000000000e+09
1.050168296000000000e+09
1.050168359000000000e+09
1.050168386000000000e+09
1.050168404000000000e+09
1.050168620000000000e+09
1.050168656000000000e+09
1.050168854000000000e+09
1.050168890000000000e+09
1.050168908000000000e+09
1.050168935000000000e+09
1.050168989000000000e+09
1.050169142000000000e+09
1.050169259000000000e+09
1.050169340000000000e+09
1.050169367000000000e+09
1.050169376000000000e+09
1.050169394000000000e+09
1.050169412000000000e+09
1.050169421000000000e+09
1.050169655000000000e+09
1.050169673000000000e+09
1.050170375000000000e+09
1.050170600000000000e+09
1.050171194000000000e+09
1.050171482000000000e+09
1.050171644000000000e+09
1.050172013000000000e+09
1.050172472000000000e+09
1.050173102000000000e+09
1.050173552000000000e+09
1.050173660000000000e+09
1.050173804000000000e+09
1.050173876000000000e+09
1.050174245000000000e+09
1.050174272000000000e+09
1.050175712000000000e+09
1.050175892000000000e+09
1.050176342000000000e+09
1.050176405000000000e+09
1.050176693000000000e+09
1.050176990000000000e+09
1.050177539000000000e+09
1.050177584000000000e+09
1.050177611000000000e+09
1.050178133000000000e+09
1.050178196000000000e+09
1.050178286000000000e+09
1.050178430000000000e+09
1.050178511000000000e+09
1.050178547000000000e+09
1.050178574000000000e+09
1.050178826000000000e+09
1.050178835000000000e+09
1.050178916000000000e+09
1.050178925000000000e+09
1.050179042000000000e+09
1.050179087000000000e+09
1.050179213000000000e+09
1.050179546000000000e+09
1.050179555000000000e+09
1.050179762000000000e+09
1.050179996000000000e+09
1.050180275000000000e+09
1.050180518000000000e+09
1.050181058000000000e+09
1.050181238000000000e+09
1.050181283000000000e+09
1.050181337000000000e+09
1.050181400000000000e+09
1.050181436000000000e+09
1.050181454000000000e+09
1.050181526000000000e+09
1.050181661000000000e+09
1.050181724000000000e+09
1.050182210000000000e+09
1.050182408000000000e+09
1.050184082000000000e+09
1.050184361000000000e+09
1.050184613000000000e+09
1.050184883000000000e+09
1.050184928000000000e+09
1.050185153000000000e+09
1.050185207000000000e+09
1.050185225000000000e+09
1.050185522000000000e+09
1.050185711000000000e+09
1.050186008000000000e+09
1.050186107000000000e+09
1.050186215000000000e+09
1.050186449000000000e+09
1.050186476000000000e+09
1.050186485000000000e+09
1.050186494000000000e+09
1.050186575000000000e+09
1.050186737000000000e+09
1.050187484000000000e+09
1.050187547000000000e+09
1.050187673000000000e+09
1.050187853000000000e+09
1.050187862000000000e+09
1.050187871000000000e+09
1.050187943000000000e+09
1.050188006000000000e+09
1.050188159000000000e+09
1.050188195000000000e+09
1.050188222000000000e+09
1.050188330000000000e+09
1.050188447000000000e+09
1.050188501000000000e+09
1.050188519000000000e+09
1.050188591000000000e+09
1.050188924000000000e+09
1.050189050000000000e+09
1.050189185000000000e+09
1.050189995000000000e+09
1.050190013000000000e+09
1.050190022000000000e+09
1.050190112000000000e+09
1.050190265000000000e+09
1.050190319000000000e+09
1.050190796000000000e+09
1.050190823000000000e+09
1.050191156000000000e+09
1.050191165000000000e+09
1.050191228000000000e+09
1.050191291000000000e+09
1.050191372000000000e+09
1.050191579000000000e+09
1.050191660000000000e+09
1.050191678000000000e+09
1.050191705000000000e+09
1.050191732000000000e+09
1.050191804000000000e+09
1.050191912000000000e+09
1.050191948000000000e+09
1.050192065000000000e+09
1.050192227000000000e+09
1.050192326000000000e+09
1.050192497000000000e+09
1.050192641000000000e+09
1.050192740000000000e+09
1.050192866000000000e+09
1.050192875000000000e+09
1.050192956000000000e+09
1.050193478000000000e+09
1.050193523000000000e+09
1.050193559000000000e+09
1.050193874000000000e+09
1.050193928000000000e+09
1.050194135000000000e+09
1.050194252000000000e+09
1.050194414000000000e+09
1.050194459000000000e+09
1.050194639000000000e+09
1.050194657000000000e+09
1.050199418000000000e+09
1.050199508000000000e+09
1.050262553000000000e+09
1.050262625000000000e+09
1.050262886000000000e+09
1.050262931000000000e+09
1.050263129000000000e+09
1.050263543000000000e+09
1.050263903000000000e+09
1.050263966000000000e+09
1.050263975000000000e+09
1.050264101000000000e+09
1.050264146000000000e+09
1.050264245000000000e+09
