1.017530000000000000e+05
1.017590000000000000e+05
1.019420000000000000e+05
1.034460000000000000e+05
1.037180000000000000e+05
1.040230000000000000e+05
1.040240000000000000e+05
1.054730000000000000e+05
1.054750000000000000e+05
1.054770000000000000e+05
1.056940000000000000e+05
1.057300000000000000e+05
1.057800000000000000e+05
1.058840000000000000e+05
1.058850000000000000e+05
1.058910000000000000e+05
1.058930000000000000e+05
1.059640000000000000e+05
1.104940000000000000e+05
1.114330000000000000e+05
1.124600000000000000e+05
1.124730000000000000e+05
1.124740000000000000e+05
1.124780000000000000e+05
1.125480000000000000e+05
1.130360000000000000e+05
1.130390000000000000e+05
1.160840000000000000e+05
2.282400000000000000e+05
2.283980000000000000e+05
2.284000000000000000e+05
2.293530000000000000e+05
2.299450000000000000e+05
2.303170000000000000e+05
3.554380000000000000e+05
3.554460000000000000e+05
3.554490000000000000e+05
3.554900000000000000e+05
3.555850000000000000e+05
3.559850000000000000e+05
3.559900000000000000e+05
3.565550000000000000e+05
3.565580000000000000e+05
3.565590000000000000e+05
3.565640000000000000e+05
3.592640000000000000e+05
4.703180000000000000e+05
4.703290000000000000e+05
4.707070000000000000e+05
4.708220000000000000e+05
4.708290000000000000e+05
4.709360000000000000e+05
4.709380000000000000e+05
4.709570000000000000e+05
6.050410000000000000e+05
6.057540000000000000e+05
6.057600000000000000e+05
6.064300000000000000e+05
6.069720000000000000e+05
6.069870000000000000e+05
6.069900000000000000e+05
6.076710000000000000e+05
6.076720000000000000e+05
6.076750000000000000e+05
6.083260000000000000e+05
6.083350000000000000e+05
6.083360000000000000e+05
6.084290000000000000e+05
6.084330000000000000e+05
6.084340000000000000e+05
6.084350000000000000e+05
6.086440000000000000e+05
6.088860000000000000e+05
6.088870000000000000e+05
6.088950000000000000e+05
6.088970000000000000e+05
6.100420000000000000e+05
6.100460000000000000e+05
6.102250000000000000e+05
6.102290000000000000e+05
6.102320000000000000e+05
6.102780000000000000e+05
6.102800000000000000e+05
6.105200000000000000e+05
6.107560000000000000e+05
6.111130000000000000e+05
6.113200000000000000e+05
6.113240000000000000e+05
6.113270000000000000e+05
6.113370000000000000e+05
6.113390000000000000e+05
6.113400000000000000e+05
6.113440000000000000e+05
6.113470000000000000e+05
6.119900000000000000e+05
6.119930000000000000e+05
6.119960000000000000e+05
6.128290000000000000e+05
6.130760000000000000e+05
6.143700000000000000e+05
6.149940000000000000e+05
6.151870000000000000e+05
6.151980000000000000e+05
6.161120000000000000e+05
6.171050000000000000e+05
6.171170000000000000e+05
6.172320000000000000e+05
6.178780000000000000e+05
6.184260000000000000e+05
6.184270000000000000e+05
6.184280000000000000e+05
6.188430000000000000e+05
6.188440000000000000e+05
6.188580000000000000e+05
6.188590000000000000e+05
6.191740000000000000e+05
6.191810000000000000e+05
6.193140000000000000e+05
6.195940000000000000e+05
6.199620000000000000e+05
6.199830000000000000e+05
6.199890000000000000e+05
6.199910000000000000e+05
6.199980000000000000e+05
6.209670000000000000e+05
6.209770000000000000e+05
6.209870000000000000e+05
6.209890000000000000e+05
6.209990000000000000e+05
6.215090000000000000e+05
6.220310000000000000e+05
6.220590000000000000e+05
6.220600000000000000e+05
6.220610000000000000e+05
6.221370000000000000e+05
6.222330000000000000e+05
6.226870000000000000e+05
6.245600000000000000e+05
6.245610000000000000e+05
6.246400000000000000e+05
6.247810000000000000e+05
6.247820000000000000e+05
6.247940000000000000e+05
6.251370000000000000e+05
6.251420000000000000e+05
6.251790000000000000e+05
6.258800000000000000e+05
6.267480000000000000e+05
6.267750000000000000e+05
6.269420000000000000e+05
6.287320000000000000e+05
6.287330000000000000e+05
6.291690000000000000e+05
6.292120000000000000e+05
6.292160000000000000e+05
6.292210000000000000e+05
6.292220000000000000e+05
6.292310000000000000e+05
6.294260000000000000e+05
6.304020000000000000e+05
6.305060000000000000e+05
6.312490000000000000e+05
6.313140000000000000e+05
6.319560000000000000e+05
6.320360000000000000e+05
6.333040000000000000e+05
6.343920000000000000e+05
6.349390000000000000e+05
6.349430000000000000e+05
6.349440000000000000e+05
6.499470000000000000e+05
6.499510000000000000e+05
6.499540000000000000e+05
6.503080000000000000e+05
6.503190000000000000e+05
6.503210000000000000e+05
6.503220000000000000e+05
6.503240000000000000e+05
6.503290000000000000e+05
6.506060000000000000e+05
6.506100000000000000e+05
6.506360000000000000e+05
6.506400000000000000e+05
6.506420000000000000e+05
6.508070000000000000e+05
6.512070000000000000e+05
6.512080000000000000e+05
6.512120000000000000e+05
6.515590000000000000e+05
6.517710000000000000e+05
6.517890000000000000e+05
6.517920000000000000e+05
6.517980000000000000e+05
6.519500000000000000e+05
6.524240000000000000e+05
6.524290000000000000e+05
6.531240000000000000e+05
6.533830000000000000e+05
6.533840000000000000e+05
6.535230000000000000e+05
6.535400000000000000e+05
6.535450000000000000e+05
6.536870000000000000e+05
6.543300000000000000e+05
6.547290000000000000e+05
6.556720000000000000e+05
6.556760000000000000e+05
6.556770000000000000e+05
6.556800000000000000e+05
6.556830000000000000e+05
6.556900000000000000e+05
6.566520000000000000e+05
6.573000000000000000e+05
6.573020000000000000e+05
6.573060000000000000e+05
6.573080000000000000e+05
6.576480000000000000e+05
6.576640000000000000e+05
6.576700000000000000e+05
6.593620000000000000e+05
6.593660000000000000e+05
6.615830000000000000e+05
6.617760000000000000e+05
6.617840000000000000e+05
6.618300000000000000e+05
6.618360000000000000e+05
6.618380000000000000e+05
6.627400000000000000e+05
6.628460000000000000e+05
6.633140000000000000e+05
6.633280000000000000e+05
6.639030000000000000e+05
6.639370000000000000e+05
6.639380000000000000e+05
6.642610000000000000e+05
6.647600000000000000e+05
6.647620000000000000e+05
6.648830000000000000e+05
6.648960000000000000e+05
6.653710000000000000e+05
6.653720000000000000e+05
6.658350000000000000e+05
6.658640000000000000e+05
6.658800000000000000e+05
6.658880000000000000e+05
6.658890000000000000e+05
6.658930000000000000e+05
6.660540000000000000e+05
6.666110000000000000e+05
6.666120000000000000e+05
6.666140000000000000e+05
6.666530000000000000e+05
6.666610000000000000e+05
6.667830000000000000e+05
6.667840000000000000e+05
6.667890000000000000e+05
6.667910000000000000e+05
6.670400000000000000e+05
6.670420000000000000e+05
6.670640000000000000e+05
6.670680000000000000e+05
