1.045468595000000000e+09
1.045485506000000000e+09
1.045509752000000000e+09
1.045509824000000000e+09
1.045510184000000000e+09
1.045510238000000000e+09
1.045927658000000000e+09
1.046008262000000000e+09
1.046019584000000000e+09
1.046307656000000000e+09
1.046307980000000000e+09
1.046352755000000000e+09
1.046512847000000000e+09
1.046709596000000000e+09
1.046726174000000000e+09
1.046761985000000000e+09
1.046892494000000000e+09
1.047001241000000000e+09
1.047089333000000000e+09
1.047194273000000000e+09
1.047194786000000000e+09
1.047195020000000000e+09
1.048164293000000000e+09
1.048179989000000000e+09
1.048211021000000000e+09
1.048306115000000000e+09
1.048315871000000000e+09
1.048397402000000000e+09
1.049011310000000000e+09
1.049011958000000000e+09
1.049123954000000000e+09
1.049184578000000000e+09
1.049355389000000000e+09
1.049374973000000000e+09
1.049445767000000000e+09
1.049447900000000000e+09
1.049481794000000000e+09
1.049485169000000000e+09
1.049564198000000000e+09
1.049594186000000000e+09
1.049642003000000000e+09
1.049785139000000000e+09
