1.029800000000000000e+05
1.033120000000000000e+05
1.036400000000000000e+05
1.042550000000000000e+05
1.062700000000000000e+05
1.103750000000000000e+05
1.124250000000000000e+05
1.125390000000000000e+05
1.155880000000000000e+05
1.838120000000000000e+05
1.839160000000000000e+05
2.287610000000000000e+05
2.289040000000000000e+05
3.554620000000000000e+05
3.584230000000000000e+05
3.589930000000000000e+05
3.597160000000000000e+05
4.711890000000000000e+05
4.712270000000000000e+05
6.073430000000000000e+05
6.080500000000000000e+05
6.102650000000000000e+05
6.109430000000000000e+05
6.128000000000000000e+05
6.140200000000000000e+05
6.145800000000000000e+05
6.151090000000000000e+05
6.154920000000000000e+05
6.191830000000000000e+05
6.193360000000000000e+05
6.201320000000000000e+05
6.221640000000000000e+05
6.232010000000000000e+05
6.275600000000000000e+05
6.293160000000000000e+05
6.307160000000000000e+05
6.318240000000000000e+05
6.339070000000000000e+05
6.504340000000000000e+05
6.505130000000000000e+05
6.520290000000000000e+05
6.539120000000000000e+05
6.558670000000000000e+05
6.559130000000000000e+05
6.649160000000000000e+05
6.660360000000000000e+05
