6.683820000000000000e+05
6.710180000000000000e+05
6.758210000000000000e+05
6.809970000000000000e+05
6.815850000000000000e+05
6.840620000000000000e+05
6.849430000000000000e+05
6.864490000000000000e+05
6.872610000000000000e+05
6.926190000000000000e+05
6.930470000000000000e+05
6.956700000000000000e+05
6.974190000000000000e+05
7.038040000000000000e+05
7.046320000000000000e+05
7.057830000000000000e+05
7.086470000000000000e+05
7.092820000000000000e+05
7.137130000000000000e+05
7.144510000000000000e+05
7.178500000000000000e+05
7.181850000000000000e+05
7.182340000000000000e+05
7.203090000000000000e+05
7.217860000000000000e+05
7.224980000000000000e+05
7.226190000000000000e+05
7.246070000000000000e+05
7.256680000000000000e+05
7.264570000000000000e+05
7.270970000000000000e+05
7.271790000000000000e+05
7.273890000000000000e+05
7.276130000000000000e+05
7.276870000000000000e+05
7.280820000000000000e+05
7.281820000000000000e+05
7.290500000000000000e+05
7.301460000000000000e+05
7.321460000000000000e+05
7.321700000000000000e+05
7.322280000000000000e+05
7.366560000000000000e+05
1.008203969000000000e+09
1.009705286000000000e+09
1.010338706000000000e+09
1.011854558000000000e+09
1.017926489000000000e+09
1.018508654000000000e+09
1.022922560000000000e+09
1.023058622000000000e+09
1.023176252000000000e+09
1.023445190000000000e+09
1.023460814000000000e+09
1.023494852000000000e+09
1.026241490000000000e+09
1.026545186000000000e+09
1.026545276000000000e+09
1.026545339000000000e+09
1.026615170000000000e+09
1.033176971000000000e+09
1.039963565000000000e+09
1.039967849000000000e+09
1.040398454000000000e+09
1.043286986000000000e+09
1.043341328000000000e+09
1.043453342000000000e+09
1.043461343000000000e+09
1.043520509000000000e+09
1.043544656000000000e+09
1.043548067000000000e+09
1.043586848000000000e+09
1.043589332000000000e+09
1.043745941000000000e+09
