1.045278389000000000e+09
1.045351910000000000e+09
1.045429022000000000e+09
1.045430858000000000e+09
1.045454510000000000e+09
1.045459586000000000e+09
1.045468676000000000e+09
1.045476020000000000e+09
1.045482941000000000e+09
1.045492949000000000e+09
1.045499420000000000e+09
1.045507583000000000e+09
1.045683515000000000e+09
1.045803242000000000e+09
1.045803386000000000e+09
1.045813565000000000e+09
1.045817831000000000e+09
1.045820162000000000e+09
1.045828019000000000e+09
1.045834976000000000e+09
1.045841510000000000e+09
1.045841753000000000e+09
1.045842707000000000e+09
1.045856972000000000e+09
1.045857125000000000e+09
1.045858817000000000e+09
1.045868186000000000e+09
1.045930115000000000e+09
1.045945577000000000e+09
1.045949357000000000e+09
1.045950887000000000e+09
1.045958258000000000e+09
1.045960913000000000e+09
1.045967483000000000e+09
1.045972649000000000e+09
1.045973351000000000e+09
1.045975817000000000e+09
1.046005382000000000e+09
1.046011718000000000e+09
1.046206550000000000e+09
1.046226728000000000e+09
1.046243738000000000e+09
1.046284454000000000e+09
1.046292635000000000e+09
1.046297657000000000e+09
1.046307098000000000e+09
1.046307872000000000e+09
1.046318582000000000e+09
1.046325071000000000e+09
1.046325971000000000e+09
1.046326898000000000e+09
1.046345456000000000e+09
1.046395163000000000e+09
1.046399690000000000e+09
1.046412929000000000e+09
1.046424566000000000e+09
1.046432540000000000e+09
1.046438552000000000e+09
1.046443637000000000e+09
1.046444321000000000e+09
1.046444780000000000e+09
1.046450306000000000e+09
1.046451332000000000e+09
1.046519579000000000e+09
1.046520407000000000e+09
1.046522576000000000e+09
1.046583164000000000e+09
1.046585567000000000e+09
1.046596142000000000e+09
1.046596871000000000e+09
1.046607464000000000e+09
1.046608373000000000e+09
1.046658989000000000e+09
1.046659079000000000e+09
1.046662724000000000e+09
1.046675306000000000e+09
1.046718173000000000e+09
1.046720909000000000e+09
1.046783666000000000e+09
1.046894672000000000e+09
1.046902358000000000e+09
1.046911907000000000e+09
1.046928215000000000e+09
1.046931959000000000e+09
1.046958176000000000e+09
1.046963918000000000e+09
1.046995877000000000e+09
1.047007496000000000e+09
1.047049427000000000e+09
1.047078299000000000e+09
1.047099764000000000e+09
1.047101726000000000e+09
1.047123299000000000e+09
1.047175643000000000e+09
1.047185273000000000e+09
1.047190853000000000e+09
1.047193328000000000e+09
1.047202121000000000e+09
1.047230399000000000e+09
1.048121489000000000e+09
1.048130066000000000e+09
1.048144295000000000e+09
1.048144664000000000e+09
1.048147616000000000e+09
1.048154348000000000e+09
1.048165562000000000e+09
1.048188152000000000e+09
1.048197548000000000e+09
1.048199717000000000e+09
1.048203326000000000e+09
1.048216907000000000e+09
1.048218059000000000e+09
1.048220912000000000e+09
1.048245932000000000e+09
1.048248515000000000e+09
1.048249577000000000e+09
1.048250684000000000e+09
1.048272581000000000e+09
1.048274552000000000e+09
1.048312973000000000e+09
1.048313288000000000e+09
1.048318805000000000e+09
1.048320731000000000e+09
1.048332359000000000e+09
1.048334186000000000e+09
1.048334492000000000e+09
1.048339181000000000e+09
1.048357226000000000e+09
1.048362311000000000e+09
1.048369025000000000e+09
1.048382543000000000e+09
1.048389284000000000e+09
1.048391012000000000e+09
1.048397321000000000e+09
1.048398347000000000e+09
1.048401344000000000e+09
1.048403225000000000e+09
1.048403756000000000e+09
1.048406582000000000e+09
1.048420190000000000e+09
1.048913417000000000e+09
1.048940840000000000e+09
1.048957877000000000e+09
1.048958048000000000e+09
1.048993139000000000e+09
1.049008070000000000e+09
1.049018132000000000e+09
1.049024360000000000e+09
1.049024657000000000e+09
1.049068316000000000e+09
1.049084237000000000e+09
1.049092688000000000e+09
1.049110292000000000e+09
1.049117114000000000e+09
1.049121461000000000e+09
1.049156120000000000e+09
1.049171438000000000e+09
1.049178044000000000e+09
1.049178143000000000e+09
1.049178170000000000e+09
1.049185415000000000e+09
1.049263994000000000e+09
1.049267540000000000e+09
1.049276126000000000e+09
1.049277035000000000e+09
1.049279312000000000e+09
1.049285657000000000e+09
1.049288159000000000e+09
1.049293181000000000e+09
1.049301362000000000e+09
1.049313143000000000e+09
1.049313989000000000e+09
1.049323745000000000e+09
1.049327804000000000e+09
1.049336885000000000e+09
1.049339657000000000e+09
1.049361698000000000e+09
1.049375333000000000e+09
1.049389661000000000e+09
1.049392811000000000e+09
1.049412413000000000e+09
1.049442473000000000e+09
1.049448368000000000e+09
1.049449862000000000e+09
1.049453669000000000e+09
1.049463560000000000e+09
1.049471120000000000e+09
1.049483972000000000e+09
1.049486087000000000e+09
1.049490560000000000e+09
1.049499452000000000e+09
1.049500694000000000e+09
1.049504204000000000e+09
1.049584160000000000e+09
1.049592773000000000e+09
1.049615408000000000e+09
1.049644640000000000e+09
1.049666762000000000e+09
1.049744693000000000e+09
1.049754071000000000e+09
1.049767760000000000e+09
1.049776661000000000e+09
1.049990573000000000e+09
1.050150827000000000e+09
