6.687290000000000000e+05
6.688830000000000000e+05
6.692500000000000000e+05
6.693810000000000000e+05
6.693940000000000000e+05
6.697100000000000000e+05
6.697700000000000000e+05
6.699680000000000000e+05
6.699900000000000000e+05
6.701430000000000000e+05
6.703060000000000000e+05
6.709160000000000000e+05
6.712360000000000000e+05
6.714700000000000000e+05
6.717210000000000000e+05
6.717600000000000000e+05
6.720330000000000000e+05
6.722010000000000000e+05
6.724130000000000000e+05
6.727480000000000000e+05
6.728870000000000000e+05
6.730480000000000000e+05
6.730520000000000000e+05
6.733990000000000000e+05
6.736890000000000000e+05
6.737680000000000000e+05
6.739730000000000000e+05
6.745540000000000000e+05
6.746230000000000000e+05
6.748950000000000000e+05
6.749430000000000000e+05
6.751390000000000000e+05
6.754490000000000000e+05
6.754580000000000000e+05
6.760180000000000000e+05
6.761600000000000000e+05
6.768000000000000000e+05
6.790150000000000000e+05
6.793240000000000000e+05
6.795900000000000000e+05
6.796620000000000000e+05
6.799750000000000000e+05
6.800070000000000000e+05
6.800900000000000000e+05
6.801050000000000000e+05
6.802560000000000000e+05
6.803110000000000000e+05
6.803340000000000000e+05
6.806820000000000000e+05
6.809060000000000000e+05
6.809550000000000000e+05
6.811800000000000000e+05
6.818270000000000000e+05
6.820010000000000000e+05
6.821950000000000000e+05
6.822380000000000000e+05
6.829070000000000000e+05
6.830630000000000000e+05
6.830780000000000000e+05
6.831080000000000000e+05
6.831480000000000000e+05
6.832370000000000000e+05
6.833000000000000000e+05
6.833760000000000000e+05
6.836260000000000000e+05
6.837140000000000000e+05
6.837190000000000000e+05
6.838390000000000000e+05
6.838930000000000000e+05
6.839900000000000000e+05
6.840750000000000000e+05
6.843070000000000000e+05
6.843840000000000000e+05
6.844290000000000000e+05
6.849100000000000000e+05
6.852110000000000000e+05
6.854260000000000000e+05
6.854850000000000000e+05
6.856740000000000000e+05
6.858580000000000000e+05
6.858710000000000000e+05
6.858980000000000000e+05
6.860800000000000000e+05
6.862520000000000000e+05
6.867660000000000000e+05
6.868410000000000000e+05
6.870360000000000000e+05
6.871560000000000000e+05
6.872680000000000000e+05
6.873890000000000000e+05
6.875830000000000000e+05
6.909850000000000000e+05
6.916080000000000000e+05
6.917450000000000000e+05
6.919540000000000000e+05
6.923870000000000000e+05
6.924270000000000000e+05
6.925200000000000000e+05
6.926250000000000000e+05
6.929120000000000000e+05
6.931100000000000000e+05
6.936340000000000000e+05
6.942870000000000000e+05
6.943890000000000000e+05
6.946730000000000000e+05
6.947420000000000000e+05
6.949820000000000000e+05
6.949920000000000000e+05
6.949980000000000000e+05
6.954740000000000000e+05
6.957880000000000000e+05
6.960840000000000000e+05
6.962060000000000000e+05
6.963160000000000000e+05
6.964730000000000000e+05
6.968100000000000000e+05
6.968630000000000000e+05
6.970640000000000000e+05
6.970990000000000000e+05
6.972750000000000000e+05
6.972980000000000000e+05
6.984430000000000000e+05
6.989740000000000000e+05
6.991740000000000000e+05
7.009850000000000000e+05
7.014360000000000000e+05
7.024580000000000000e+05
7.026900000000000000e+05
7.029630000000000000e+05
7.030530000000000000e+05
7.047420000000000000e+05
7.050550000000000000e+05
7.051050000000000000e+05
7.052840000000000000e+05
7.053480000000000000e+05
7.057920000000000000e+05
7.058210000000000000e+05
7.061130000000000000e+05
7.066900000000000000e+05
7.068260000000000000e+05
7.070960000000000000e+05
7.076240000000000000e+05
7.078700000000000000e+05
7.080850000000000000e+05
7.084100000000000000e+05
7.085480000000000000e+05
7.085940000000000000e+05
7.087670000000000000e+05
7.087770000000000000e+05
7.090950000000000000e+05
7.091870000000000000e+05
7.092930000000000000e+05
7.103330000000000000e+05
7.105910000000000000e+05
7.106930000000000000e+05
7.108360000000000000e+05
7.117190000000000000e+05
7.118150000000000000e+05
7.119080000000000000e+05
7.120640000000000000e+05
7.122770000000000000e+05
7.123290000000000000e+05
7.124400000000000000e+05
7.129200000000000000e+05
7.130340000000000000e+05
7.131760000000000000e+05
7.133270000000000000e+05
7.135300000000000000e+05
7.135410000000000000e+05
7.137740000000000000e+05
7.138420000000000000e+05
7.139440000000000000e+05
7.139910000000000000e+05
7.143850000000000000e+05
7.148090000000000000e+05
7.150090000000000000e+05
7.150540000000000000e+05
7.153080000000000000e+05
7.155760000000000000e+05
7.159490000000000000e+05
7.161110000000000000e+05
7.161710000000000000e+05
7.162160000000000000e+05
7.163710000000000000e+05
7.169820000000000000e+05
7.178460000000000000e+05
7.182050000000000000e+05
7.183300000000000000e+05
7.183660000000000000e+05
7.186230000000000000e+05
7.186600000000000000e+05
7.187460000000000000e+05
7.201880000000000000e+05
7.205540000000000000e+05
7.211560000000000000e+05
7.213780000000000000e+05
7.246430000000000000e+05
7.249610000000000000e+05
7.251210000000000000e+05
7.254360000000000000e+05
7.256590000000000000e+05
7.260550000000000000e+05
7.262420000000000000e+05
7.267740000000000000e+05
7.273170000000000000e+05
7.274080000000000000e+05
7.274610000000000000e+05
7.275910000000000000e+05
7.276860000000000000e+05
7.278550000000000000e+05
7.279850000000000000e+05
7.283850000000000000e+05
7.283950000000000000e+05
7.284290000000000000e+05
7.284710000000000000e+05
7.285240000000000000e+05
7.285710000000000000e+05
7.297600000000000000e+05
7.297920000000000000e+05
7.300250000000000000e+05
7.300420000000000000e+05
7.301970000000000000e+05
7.304480000000000000e+05
7.305150000000000000e+05
7.305340000000000000e+05
7.306860000000000000e+05
7.309770000000000000e+05
7.313210000000000000e+05
7.313790000000000000e+05
7.321310000000000000e+05
7.353460000000000000e+05
7.353520000000000000e+05
7.354480000000000000e+05
7.360760000000000000e+05
7.361260000000000000e+05
7.363710000000000000e+05
7.363780000000000000e+05
7.364380000000000000e+05
7.365460000000000000e+05
7.367960000000000000e+05
7.368010000000000000e+05
7.373300000000000000e+05
1.001011466000000000e+09
1.001015525000000000e+09
1.001070434000000000e+09
1.001078651000000000e+09
1.001218007000000000e+09
1.004273417000000000e+09
1.004298734000000000e+09
1.005154688000000000e+09
1.005300533000000000e+09
1.005346712000000000e+09
1.005440123000000000e+09
1.005462569000000000e+09
1.005489299000000000e+09
1.005504140000000000e+09
1.005509792000000000e+09
1.005627881000000000e+09
1.005644378000000000e+09
1.005686507000000000e+09
1.005799214000000000e+09
1.005824648000000000e+09
1.006048199000000000e+09
1.006067207000000000e+09
1.006146650000000000e+09
1.006180724000000000e+09
1.006204349000000000e+09
1.006209209000000000e+09
1.006226201000000000e+09
1.006234355000000000e+09
1.006279490000000000e+09
1.006378220000000000e+09
1.006453253000000000e+09
1.006461488000000000e+09
1.006463378000000000e+09
1.006478750000000000e+09
1.006488992000000000e+09
1.006535153000000000e+09
1.008193394000000000e+09
1.008212096000000000e+09
1.008325370000000000e+09
1.008366743000000000e+09
1.008482627000000000e+09
1.008513038000000000e+09
1.008720344000000000e+09
1.008791633000000000e+09
1.008994889000000000e+09
1.009015247000000000e+09
1.009438787000000000e+09
1.009541603000000000e+09
1.009573517000000000e+09
1.009633736000000000e+09
1.009774388000000000e+09
1.009922276000000000e+09
1.009935830000000000e+09
1.009987850000000000e+09
1.010054657000000000e+09
1.010066015000000000e+09
1.010154242000000000e+09
1.010314154000000000e+09
1.010389700000000000e+09
1.010442908000000000e+09
1.010537057000000000e+09
1.010545490000000000e+09
1.010843894000000000e+09
1.010891486000000000e+09
1.010966213000000000e+09
1.011063746000000000e+09
1.011307619000000000e+09
1.011404360000000000e+09
1.011470177000000000e+09
1.011484766000000000e+09
1.011530711000000000e+09
1.011777023000000000e+09
1.011828539000000000e+09
1.011854171000000000e+09
1.011871568000000000e+09
1.011889496000000000e+09
1.012001636000000000e+09
1.012166597000000000e+09
1.012197035000000000e+09
1.012245221000000000e+09
1.012382318000000000e+09
1.012656755000000000e+09
1.013212514000000000e+09
1.013234717000000000e+09
1.013502242000000000e+09
1.013525372000000000e+09
1.013598929000000000e+09
1.013845214000000000e+09
1.014261716000000000e+09
1.014289904000000000e+09
1.014489632000000000e+09
1.014701735000000000e+09
1.014830309000000000e+09
1.014871529000000000e+09
1.014892598000000000e+09
1.015223033000000000e+09
1.015284035000000000e+09
1.015639418000000000e+09
1.015640165000000000e+09
1.015656032000000000e+09
1.015666256000000000e+09
1.015930352000000000e+09
1.016003234000000000e+09
1.016171804000000000e+09
1.016398163000000000e+09
1.016632838000000000e+09
1.016671457000000000e+09
1.016680844000000000e+09
1.016787089000000000e+09
1.016794559000000000e+09
1.016804999000000000e+09
1.016858468000000000e+09
1.016863040000000000e+09
1.016971931000000000e+09
1.016977187000000000e+09
1.017140591000000000e+09
1.017163928000000000e+09
1.017883037000000000e+09
1.017920126000000000e+09
1.018057277000000000e+09
1.018134722000000000e+09
1.018159274000000000e+09
1.018169030000000000e+09
1.018239887000000000e+09
1.018317458000000000e+09
1.018341128000000000e+09
1.018356923000000000e+09
1.018429751000000000e+09
1.018437968000000000e+09
1.018508123000000000e+09
1.018651106000000000e+09
1.018792118000000000e+09
1.022149694000000000e+09
1.022150378000000000e+09
1.022204018000000000e+09
1.022212028000000000e+09
1.022264840000000000e+09
1.022281445000000000e+09
1.022319443000000000e+09
1.022358143000000000e+09
1.022395115000000000e+09
1.022443373000000000e+09
1.022450330000000000e+09
1.022520863000000000e+09
1.022543111000000000e+09
1.022629457000000000e+09
1.022697515000000000e+09
1.022701871000000000e+09
1.022730338000000000e+09
1.022735117000000000e+09
1.022850047000000000e+09
1.022875292000000000e+09
1.022879522000000000e+09
1.022884022000000000e+09
1.022891654000000000e+09
1.022897441000000000e+09
1.022918258000000000e+09
1.022962484000000000e+09
1.022973248000000000e+09
1.023009797000000000e+09
1.023040172000000000e+09
1.023132503000000000e+09
1.023178376000000000e+09
1.023209489000000000e+09
1.023228857000000000e+09
1.023244967000000000e+09
1.023260825000000000e+09
1.023267971000000000e+09
1.023304709000000000e+09
1.023328973000000000e+09
1.023350510000000000e+09
1.023372506000000000e+09
1.023376106000000000e+09
1.023436019000000000e+09
1.023453605000000000e+09
1.023459581000000000e+09
1.023475376000000000e+09
1.023480551000000000e+09
1.023496778000000000e+09
1.023497336000000000e+09
1.023507578000000000e+09
1.023527387000000000e+09
1.023788693000000000e+09
1.023857120000000000e+09
1.023863996000000000e+09
1.024066937000000000e+09
1.024239836000000000e+09
1.026162920000000000e+09
1.026305399000000000e+09
1.026465338000000000e+09
1.026488171000000000e+09
1.026512102000000000e+09
1.026512822000000000e+09
1.026515927000000000e+09
1.026534251000000000e+09
1.026590006000000000e+09
1.026596459000000000e+09
1.026618059000000000e+09
1.026649469000000000e+09
1.026669800000000000e+09
1.027718633000000000e+09
1.028564084000000000e+09
1.028790677000000000e+09
1.028855756000000000e+09
1.029281114000000000e+09
1.030023659000000000e+09
1.030029815000000000e+09
1.030230686000000000e+09
1.030468790000000000e+09
1.031229695000000000e+09
1.031266559000000000e+09
1.031448953000000000e+09
1.031496140000000000e+09
1.031987252000000000e+09
1.032096161000000000e+09
1.032312125000000000e+09
1.033173245000000000e+09
1.033456637000000000e+09
1.033471235000000000e+09
1.033775858000000000e+09
1.033861061000000000e+09
1.033868747000000000e+09
1.034218037000000000e+09
1.034311403000000000e+09
1.034331851000000000e+09
1.034867234000000000e+09
1.036182179000000000e+09
1.036317935000000000e+09
1.036420454000000000e+09
1.036638641000000000e+09
1.036655804000000000e+09
1.038929825000000000e+09
1.039422818000000000e+09
1.039892015000000000e+09
1.039896884000000000e+09
1.039898405000000000e+09
1.039905362000000000e+09
1.039920284000000000e+09
1.039920464000000000e+09
1.039925594000000000e+09
1.040362643000000000e+09
1.040590109000000000e+09
1.040721905000000000e+09
1.041660668000000000e+09
1.043127848000000000e+09
1.043128145000000000e+09
1.043265746000000000e+09
1.043272937000000000e+09
1.043273009000000000e+09
1.043289443000000000e+09
1.043294015000000000e+09
1.043295239000000000e+09
1.043304698000000000e+09
1.043317775000000000e+09
1.043324876000000000e+09
1.043326559000000000e+09
1.043331365000000000e+09
1.043352704000000000e+09
1.043359112000000000e+09
1.043361209000000000e+09
1.043361848000000000e+09
1.043362559000000000e+09
1.043363279000000000e+09
1.043379326000000000e+09
1.043385959000000000e+09
1.043398865000000000e+09
1.043416721000000000e+09
1.043433245000000000e+09
1.043448527000000000e+09
1.043452622000000000e+09
1.043456339000000000e+09
1.043457806000000000e+09
1.043465141000000000e+09
1.043473511000000000e+09
1.043506100000000000e+09
1.043513777000000000e+09
1.043546447000000000e+09
1.043546861000000000e+09
1.043547896000000000e+09
1.043554727000000000e+09
1.043559974000000000e+09
1.043574590000000000e+09
1.043594183000000000e+09
1.043599583000000000e+09
1.043599871000000000e+09
1.043615081000000000e+09
1.043649758000000000e+09
1.043651342000000000e+09
1.043670584000000000e+09
1.043691311000000000e+09
1.043695082000000000e+09
1.043697845000000000e+09
1.043699654000000000e+09
1.043700086000000000e+09
1.043727572000000000e+09
1.043734754000000000e+09
1.043792264000000000e+09
