1.019340000000000000e+05
1.026050000000000000e+05
1.032130000000000000e+05
1.032480000000000000e+05
1.034780000000000000e+05
1.035580000000000000e+05
1.035620000000000000e+05
1.037880000000000000e+05
1.037960000000000000e+05
1.038980000000000000e+05
1.041690000000000000e+05
1.041720000000000000e+05
1.041730000000000000e+05
1.049480000000000000e+05
1.052200000000000000e+05
1.052310000000000000e+05
1.052610000000000000e+05
1.052730000000000000e+05
1.054190000000000000e+05
1.055690000000000000e+05
1.057660000000000000e+05
1.060290000000000000e+05
1.061500000000000000e+05
1.062940000000000000e+05
1.063130000000000000e+05
1.104930000000000000e+05
1.109470000000000000e+05
1.110770000000000000e+05
1.117030000000000000e+05
1.118320000000000000e+05
1.124580000000000000e+05
1.125120000000000000e+05
1.126490000000000000e+05
1.129500000000000000e+05
1.131640000000000000e+05
1.144920000000000000e+05
1.145100000000000000e+05
1.150670000000000000e+05
1.153030000000000000e+05
1.158150000000000000e+05
1.825070000000000000e+05
1.825180000000000000e+05
1.827750000000000000e+05
1.828890000000000000e+05
1.833120000000000000e+05
1.836720000000000000e+05
1.838280000000000000e+05
2.281430000000000000e+05
2.282370000000000000e+05
2.284150000000000000e+05
2.286700000000000000e+05
2.289890000000000000e+05
2.290600000000000000e+05
2.301810000000000000e+05
2.302900000000000000e+05
2.303750000000000000e+05
2.306210000000000000e+05
2.320910000000000000e+05
2.322520000000000000e+05
3.431050000000000000e+05
3.432210000000000000e+05
3.498930000000000000e+05
3.540310000000000000e+05
3.540370000000000000e+05
3.542730000000000000e+05
3.550660000000000000e+05
3.551920000000000000e+05
3.553940000000000000e+05
3.554450000000000000e+05
3.562390000000000000e+05
3.566500000000000000e+05
3.570530000000000000e+05
3.572720000000000000e+05
3.589900000000000000e+05
3.595030000000000000e+05
3.596300000000000000e+05
3.601450000000000000e+05
4.711180000000000000e+05
4.711450000000000000e+05
4.711530000000000000e+05
4.712110000000000000e+05
6.034020000000000000e+05
6.036980000000000000e+05
6.037880000000000000e+05
6.048960000000000000e+05
6.053680000000000000e+05
6.057620000000000000e+05
6.057710000000000000e+05
6.069730000000000000e+05
6.080090000000000000e+05
6.081760000000000000e+05
6.082970000000000000e+05
6.083160000000000000e+05
6.084260000000000000e+05
6.086650000000000000e+05
6.088840000000000000e+05
6.100410000000000000e+05
6.103000000000000000e+05
6.106290000000000000e+05
6.109540000000000000e+05
6.112660000000000000e+05
6.120100000000000000e+05
6.125090000000000000e+05
6.126900000000000000e+05
6.128260000000000000e+05
6.131130000000000000e+05
6.131240000000000000e+05
6.131870000000000000e+05
6.132950000000000000e+05
6.135230000000000000e+05
6.135270000000000000e+05
6.136810000000000000e+05
6.141460000000000000e+05
6.142010000000000000e+05
6.143620000000000000e+05
6.144790000000000000e+05
6.145470000000000000e+05
6.149540000000000000e+05
6.151080000000000000e+05
6.151220000000000000e+05
6.151850000000000000e+05
6.152040000000000000e+05
6.152210000000000000e+05
6.157290000000000000e+05
6.162940000000000000e+05
6.163630000000000000e+05
6.164160000000000000e+05
6.169250000000000000e+05
6.170920000000000000e+05
6.171750000000000000e+05
6.172250000000000000e+05
6.173840000000000000e+05
6.178760000000000000e+05
6.179740000000000000e+05
6.184250000000000000e+05
6.184640000000000000e+05
6.185920000000000000e+05
6.187260000000000000e+05
6.192240000000000000e+05
6.195900000000000000e+05
6.197300000000000000e+05
6.200080000000000000e+05
6.205100000000000000e+05
6.205940000000000000e+05
6.206130000000000000e+05
6.206920000000000000e+05
6.212070000000000000e+05
6.214250000000000000e+05
6.215780000000000000e+05
6.219410000000000000e+05
6.221420000000000000e+05
6.222260000000000000e+05
6.225890000000000000e+05
6.226660000000000000e+05
6.226830000000000000e+05
6.228180000000000000e+05
6.228400000000000000e+05
6.228840000000000000e+05
6.230110000000000000e+05
6.235110000000000000e+05
6.236710000000000000e+05
6.241800000000000000e+05
6.243210000000000000e+05
6.247770000000000000e+05
6.249330000000000000e+05
6.251150000000000000e+05
6.253510000000000000e+05
6.255680000000000000e+05
6.256210000000000000e+05
6.258790000000000000e+05
6.262230000000000000e+05
6.263950000000000000e+05
6.264180000000000000e+05
6.267460000000000000e+05
6.268410000000000000e+05
6.268580000000000000e+05
6.271380000000000000e+05
6.274290000000000000e+05
6.280260000000000000e+05
6.283880000000000000e+05
6.284770000000000000e+05
6.285520000000000000e+05
6.287260000000000000e+05
6.291560000000000000e+05
6.292070000000000000e+05
6.292770000000000000e+05
6.292880000000000000e+05
6.295470000000000000e+05
6.295550000000000000e+05
6.296530000000000000e+05
6.297050000000000000e+05
6.313130000000000000e+05
6.314090000000000000e+05
6.314660000000000000e+05
6.314920000000000000e+05
6.316740000000000000e+05
6.319520000000000000e+05
6.320100000000000000e+05
6.325470000000000000e+05
6.326090000000000000e+05
6.327950000000000000e+05
6.330210000000000000e+05
6.333010000000000000e+05
6.340010000000000000e+05
6.342590000000000000e+05
6.343070000000000000e+05
6.343100000000000000e+05
6.343560000000000000e+05
6.343640000000000000e+05
6.343850000000000000e+05
6.343960000000000000e+05
6.345300000000000000e+05
6.348500000000000000e+05
6.350300000000000000e+05
6.354880000000000000e+05
6.358120000000000000e+05
6.502960000000000000e+05
6.507210000000000000e+05
6.508060000000000000e+05
6.517620000000000000e+05
6.525560000000000000e+05
6.529820000000000000e+05
6.532250000000000000e+05
6.532480000000000000e+05
6.533820000000000000e+05
6.535190000000000000e+05
6.536840000000000000e+05
6.544160000000000000e+05
6.546700000000000000e+05
6.547830000000000000e+05
6.554500000000000000e+05
6.556590000000000000e+05
6.566470000000000000e+05
6.568690000000000000e+05
6.570670000000000000e+05
6.572680000000000000e+05
6.572890000000000000e+05
6.574800000000000000e+05
6.574920000000000000e+05
6.576450000000000000e+05
6.576800000000000000e+05
6.582270000000000000e+05
6.586610000000000000e+05
6.593600000000000000e+05
6.596500000000000000e+05
6.601490000000000000e+05
6.608220000000000000e+05
6.609330000000000000e+05
6.615800000000000000e+05
6.616150000000000000e+05
6.616980000000000000e+05
6.619310000000000000e+05
6.622140000000000000e+05
6.623820000000000000e+05
6.628300000000000000e+05
6.628380000000000000e+05
6.633050000000000000e+05
6.639290000000000000e+05
6.640400000000000000e+05
6.642590000000000000e+05
6.643750000000000000e+05
6.643990000000000000e+05
6.647580000000000000e+05
6.658570000000000000e+05
6.659770000000000000e+05
6.660780000000000000e+05
6.661220000000000000e+05
6.666090000000000000e+05
6.667940000000000000e+05
6.668030000000000000e+05
6.670240000000000000e+05
6.672080000000000000e+05
6.674560000000000000e+05
6.674580000000000000e+05
